nohup: ignoring input
--------------------------------------------------------------------------------
Progress: 0.0
2017-10-02 23:36:06.358878
--------------------------------------------------------------------------------
Test set [ 26  59  94 101 121 135 222 252 364 370 410 545 624 661 871]
--------------------------------------------------------------------------------
Current Error, Least Error, #Iterations
700 2 3 0.01
700 3 5 0.001
1300 3 4 0
100 2 4 0.1
1300 2 4 0
100 2 3 0.01
1300 3 4 0
100 2 3 0.1
100 4 3 0
1300 3 5 0.1
100 3 3 0.01
1300 2 3 0.001
700 3 5 0
1300 4 3 0.01
100 2 4 0.001
1300 2 3 0.001
700 3 3 0.001
700 3 5 0
1300 2 4 0.01
700 3 5 0.01
700 2 4 0.01
700 3 3 0
700 3 3 0.01
100 3 5 0
1300 3 3 0
700 4 3 0.1
1300 4 3 0
100 3 3 0.1
1300 3 5 0.01
100 2 5 0.01
1300 2 5 0.001
100 2 4 0.01
1300 2 3 0
700 3 5 0.001
700 2 4 0.001
700 3 4 0.01
1300 2 3 0.01
700 3 5 0.1
1300 4 3 0.1
100 3 3 0.01
1300 4 4 0.001
700 4 5 0.001
700 2 5 0.1
100 2 5 0.01
1300 2 5 0.01
100 2 4 0.01
700 2 3 0
700 3 4 0.001
1300 2 4 0.1
100 2 5 0
100 4 5 0.1
700 2 5 0.1
100 2 4 0.1
700 2 4 0.1
700 4 3 0.1
1300 2 5 0
700 4 3 0
1300 3 4 0.001
100 3 4 0.1
1300 4 4 0.01
100 4 3 0.01
1300 4 4 0.1
100 4 3 0.001
1300 3 3 0.01
100 2 5700 2 4 0
700 3 5 0
1300 2 5 0.1
700 4 4 0.1
1300 4 4 0.1
100 4 4 0
700 2 5 0.001
700 4 4 0
700 2 3 0
700 4 5 0.001
1300 4 5 0.01
100 3 4 0
1300 4 5 0.1
100 2 4 0.01
100 4 4 0.1
700 2 4 0.01
700 4 4 0.001
1300 3 5 0
700 3 4 0.1
100 4 3 0.001
1300 2 4 0.001
100 2 4 0.1
1300 2 4 0
700 4 5 0.1
1300 4 5 0.1
100 4 3 0.01
1300 4 3 0.1
700 4 5 0.01
700 2 5 0.01
700 3 4 0
100 3 4 0
1300 3 3 0.1
100 2 5 0.001
100 4 4 0.1
1300 3 4 0.01
100 2 5 0
1300 2 5 0.01
100 2 5 0.001
1300 2 5 0.001
100 3 3 0
1300 4 5 0
700 3 5 0.01
1300 3 3 0.01
100 2 4 0.001
100 4 5 0.01
700 2 4 0.001
700 4 4 0.1
1300 2 3 0.1
100 2 3 0.01
100 4 4 0
1300 4 4 0.001
100 4 3 0.1
1300 4 4 0.01
100 4 3 0
700 2 3 0.001
700 4 3 0.01
1300 2 3 0.1
700 3 5 0.01
1300 3 4 0
100 3 5 0
1300 4 3 0
700 4 5 0
1300 4 4 0.01
100 3 5 0
1300 3 5 0.1
100 3 5 0.01
1300 4 3 0.001
100 2 5 0.1
1300 3 5 0.01
100 3 4 0.1
1300 3 5 0.001
700 3 3 0.01
700 3 4 0
100 3 5 0.001
1300 3 5 0
100 4 4 0.001
700 2 3 0.1
700 4 4 0
700 2 3 0.1
700 4 3 0
1300 3 3 0.1
100 2 5 0.001
100 4 5 0.01
700 2 4 0.001
700 3 4 0.001
1300 2 3 0.01
700 3 5 0.1
1300 2 3 0.001
700 4 4 0.001
700 2 3 0.01
700 4 3 0.01
1300 4 4 0
100 4 3 0.1
1300 3 3 0.001
100 2 4 0
100 4 5 0
700 2 3 0.001
700 3 3 0
700 3 4 0.01
1300 2 4 0.1
100 2 5 0
1300 4 5 0.01
100 4 3 0.001
1300 4 5 0.01
100 4 3 0
700 2 3 0.001
700 4 3 0.1
1300 2 5 0.01
100 3 3 0.1
1300 3 5 0.001
100 3 4 0.001
1300 3 4 0.1
100 3 5 0.1
700 2 3 0.1
700 3 4 0
1300 2 4 0.001
700 4 5 0.01
700 2 4 0
700 4 5 0
1300 2 3 0.01
100 3 3 0
1300 4 3 0
100 2 3 0.1
100 4 4 0.001
700 2 4 0.1
700 3 3 0
700 3 3 0.001
700 3 3 0.1
700 3 4 0.01
100 3 4 0.001
1300 2 4 0.01
100 3 4 0.1
1300 3 5 0
100 3 5 0.001
1300 4 3 0.001
100 3 3 0.001
1300 2 4 0.1
700 4 4 0.01
1300 4 5 0.1
100 4 5 0
700 2 5 0
100 2 3 0
1300 2 5 0.1
100 3 5 0.01
1300 4 3 0.01
100 3 3 0.001
1300 2 4 0.001
700 4 3 0.01
1300 2 5 0
100 3 5 0.001
1300 3 4 0.1
700 4 3 0.001
1300 4 4 0.001
100 3 4 0.01
1300 3 5 0.1
700 3 4 0.1
1300 2 4 0.01
100 2 4 0
1300 2 3 0.1
700 4 4 0.001
1300 3 5 0.001
100 3 4 0.01
1300 4 4 0
100 3 5 0.01
1300 3 3 0
700 4 3 0.001
1300 3 4 0.1
100 3 5 0.1
1300 3 4 0.01
100 3 5 0.1
1300 4 5 0.001
100 4 4 0.001
700 2 5 0
700 4 3 0
100 4 5 0.001
700 2 4 0
700 3 4 0.1
1300 2 5 0.1
700 3 4 0.001
100 4 5 0
1300 2 4 0
100 3 3 0.01
1300 3 3 0.1
700 4 4 0.01
700 2 3 0.01
700 4 5 0.001
1300 2 3 0
100 2 3 0
1300 2 3 0
700 3 5 0.001
1300 3 5 0.01
100 2 4 0.001
100 4 4 0.01
1300 4 4 0.1
100 3 4 0.001
1300 3 3 0.001
700 3 3 0.1
100 3 3 0
100 4 4 0.1
700 2 5 0.001
700 4 5 0.01
1300 2 5 0.001
100 4 3 0.1
1300 4 5 0.001
100 2 3 0.001
100 4 4 0.01
700 2 4 0.01
700 4 4 0
700 2 5 0.1
700 3 5 0.1
100 3 3 0.001
1300 4 3 0.1
100 3 4 0.01
1300 3 4 0.01
100 2 3 0.1
100 4 5 0.1
1300 3 4 0.001
700 3 3 0.001
700 3 3 0.1
700 4 4 0.1
700 2 4 0.1
700 3 3 0.01
700 4 5 0
1300 4 5 0
100 4 5 0.001
1300 3 3 0.01
100 2 3 0.001
100 4 5 0.1
700 2 5 0
100 2 3 0.01
100 4 5 0.001
700 2 5 0.01
100 2 3 0.001
100 4 5 0.01
700 2 5 0.01
700 4 3 0.001
1300 3 4 0.001
100 2 5 0.1
1300 3 3 0.001
700 4 5 0.1
******* BEST PARAMS *******
{'Num home factors': 3, 'Learning Rate': 1, 'Iterations': 100, 'Num season factors': 4, 'Least Train Error': 10.422150756670101, 'Lambda': 0}
******* BEST PARAMS *******
--------------------------------------------------------------------------------
Progress: 10.0
2017-10-02 23:52:52.697396
--------------------------------------------------------------------------------
Test set [ 936  946 1169 1283 1310 1334 1415 1463 1500 1642 1697 1700 1790 1796 1800]
--------------------------------------------------------------------------------
Current Error, Least Error, #Iterations
700 2 5 0.001
700 4 3 0
1300 2 5 0.01
100 2 4 0.1
1300 2 4 0
100 2 4 0
1300 2 3 0.001
100 2 4 0.1
1300 2 4 0.01
700 3 3 0
100 3 4 0
1300 2 5 0.01
100 2 4 0.001
1300 4 5 0.1
100 3 5 0.001
1300 4 4 0.01
100 3 5 0.001
1300 2 5 0.1
100 3 3 0.001
1300 2 4 0.01
100 3 5 0.1
1300 4 5 0.1
100 4 3 0.01
1300 4 4 0.1
700 2 5 0.001
100 2 4 0.01
1300 4 3 0.001
100 3 4 0
1300 4 3 0
100 3 3 0.1
1300 3 3 0
100 2 4 0.1
1300 3 3 0.01
700 3 3 0.001
100 2 5 0
1300 2 5 0
100 2 3 0.001
100 4 5 0
700 2 5 0.1
700 3 5 0.01
1300 2 5 0.1
700 3 4 0.01
700 4 4 0.01
1300 3 3 0.01
700 4 4 0.01
700 2 4 0.001
100 2 3 0.01
1300 2 3 0
100 2 5 0.001
1300 3 4 0.001
100 2 4 0.001
100 4 4 0.001
700 2 5 0
100 3 3 0
1300 4 4 0
100 2 4 0.001
1300 3 3 0.001
100 2 5 0
1300 2 3 0.1
100 2 5 0
1300 4 5 0.01
700 4 5 0.001
1300 4 4 0
100 3 4 0.1
1300 2 5 0
100 2 5 0.1
700 2 5 0
700 4 4 0
1300 3 5 0.01
100 3 3 0.01
1300 2 4 0.1
100 2 5 0.01
700 2 4 0
700 3 3 0
100 2 3 0.001
100 4 5 0.001
700 2 5 0
700 4 3 0.1
700 2 3 0.001
700 4 4 0.01
1300 3 4 0.01
100 4 3 0.001
1300 4 3 0.001
100 2 3 0.1
100 4 5 0.1
700 3 3 0
700 3 3 0.001
700 3 3 0.01
700 4 3 0.001
1300 3 5 0.01
100 3 4 0.001
1300 4 3 0.1
100 3 5 0
1300 3 3 0.1
700 4 3 0.1
700 2 5 0.01
700 3 3 0.01
100 3 5 0
1300 2 5 0.001
100 2 3 0
100 4 3 0.1
1300 4 4 0.001
100 3 4 0
1300 2 5 0
100 4 4 0
700 2 3 0.01
700 3 4 0
1300 4 3 0.001
700 4 3 0
700 2 4 0.001
700 3 4 0.001
100 4 3 0
1300 4 5 0.001
100 3 4 0.01
1300 3 3 0.01
100 2 5 0.001
1300 2 4 0
100 2 3 0.01
100 3 3 0.001
1300 2 4 0
700 4 4 0.1
700 2 3 0.1
700 3 5 0.1
1300 4 4 0.01
100 4 3 0.01
700 2 3 0.001
700 3 5 0.01
1300 3 4 0.001
100 3 3 0.01
1300 3 3 0
100 2 5 0.1
1300 3 5 0.1
100 3 3 0
1300 2 5 0.001
100 3 4 0.1
1300 3 5 0.001
100 3 5 0.01
1300 4 5 0.01
100 4 3 0.001
1300 4 3 0.01
100 3 3 0.1
1300 4 3 0.1
100 3 3 0.01
100 4 5 0.1
1300 4 4 0.1
100 3 5 0.01
1300 4 4 0
700 3 3 0.1
700 3 4 0
100 3 4 0.001
1300 3 4 0.1
100 4 4 0.1
700 2 5 0.01
700 4 4 0.001
1300 3 4 0
100 3 5 0.01
700 2 3 0.1
700 3 4 0
700 3 5 0.01
100 2 4 0
1300 2 4 0.001
700 3 3 0.001
100 3 5 0.1
1300 2 4 0.01
700 3 4 0.01
100 3 5 0
700 2 4 0.1
700 3 5 0.001
1300 2 3 0.001
700 3 3 0.01
100 4 4 0
700 2 3 0
700 3 5 0
100 4 4 0.001
1300 4 3 0.01
100 2 5 0.01
1300 3 5 0.001
100 2 5 0.001
1300 2 3 0.001
700 4 4 0.001
700 2 3 0.01
700 3 5 0.1
100 4 5 0.01
700 2 4 0.01
700 4 3 0
1300 3 3 0.001
700 4 3 0.01
700 2 3 0
700 4 3 0.001
1300 3 3 0.1
700 4 5 0
1300 4 5 0.1
100 4 3 0
1300 2 5 0.01
700 4 5 0.1
700 2 5 0.1
100 2 5 0.01
100 4 5 0.01
700 2 3 0.01
700 4 4 0.1
1300 2 4 0.1
100 2 3 0
1300 2 3 0.01
700 3 3 0.1
1300 2 3 0.01
700 4 4 0
1300 4 5 0
100 4 3 0.1
700 2 4 0
700 3 4 0.1
1300 4 4 0.01
100 3 5 0.001
1300 4 4 0.1
100 3 3 0
1300 3 3 0
700 4 3 0.01
1300 3 5 0.001
100 4 4 0
1300 3 5 0.1
1300 2 3 0
700 3 4 0.01
1300 3 5 0.1
100 4 3 0.001
1300 2 3 0.1
700 4 5 0.01
700 2 3 0
700 3 5 0.1
1300 3 5 0.01
100 4 3 0.01
700 2 4 0.01
700 4 3 0.1
1300 3 4 0.1
100 2 3 0.01
100 4 5 0.001
700 2 4 0.01
100 2 3 0
100 4 4 0.1
1300 3 3 0.001
100 3 3 0.1
1300 3 4 0
700 4 5 0.1
1300 4 5 0.01
100 3 5 0.1
1300 2 4 0.001
100 3 4 0.1
1300 4 3 0.01
100 3 4 0.001
1300 2 4 0.001
100 2 3 0.1
100 4 5 0
1300 4 5 0.001
700 4 4 0.1
1300 3 4 0.01
100 2 4 0
100 4 3 0
1300 3 4 0.1
700 3 4 0.001
100 4 4 0.01
1300 3 3 0.1
100 2 4 0.01
1300 3 5 0
100 2 5 0.1
1300 2 3 0
700 4 5 0
1300 2 5 0.001
700 3 5 0
1300 2 5 0.1
100 2 4 0.01
100 4 4 0.1
700 2 5 0.01
700 3 4 0.1
100 4 5 0.001
1300 3 5 0
100 4 4 0.001
700 2 3 0.1
700 3 4 0.001
1300 4 5 0.001
100 4 5 0.01
700 2 5 0.1
700 3 3 0.1
700 3 4 0.1
100 4 5 0
700 2 5 0.001
700 4 3 0.001
1300 4 3 0
100 2 3 0.001
100 4 5 0.1
1300 2 3 0.01
100 2 3 0.1
1300 2 3 0.1
700 3 5 0.001
1300 3 4 0.01
700 3 5 0.001
700 2 3 0.001
700 4 3 0.01
1300 2 4 0.1
700 4 5 0.01
700 2 4 0
700 4 5 0.1
******* BEST PARAMS *******
{'Num home factors': 5, 'Learning Rate': 1, 'Iterations': 1300, 'Num season factors': 4, 'Least Train Error': 10.061599261848183, 'Lambda': 0.001}
******* BEST PARAMS *******
--------------------------------------------------------------------------------
Progress: 20.0
2017-10-03 00:09:17.058045
--------------------------------------------------------------------------------
Test set [1953 2129 2156 2233 2242 2365 2378 2470 2557 2814 2859 2925 2953 2986]
--------------------------------------------------------------------------------
Current Error, Least Error, #Iterations
700 2 3 0
700 4 3 0.01
700 4 4 0.1
1300 3 5 0.001
100 4 4 0.01
1300 4 4 0
1300 2 4 0.01
100 4 3 0
1300 4 4 0.001
100 4 4 0.1
700 2 4 0.1
100 2 4 0.001
1300 3 4 0
100 4 3 0.1
700 2 3 0.1
700 4 5 0.001
700 2 5 0.01
100 2 4 0.01
700 2 3 0.1
700 4 4 0
700 2 5 0
700 3 3 0.001
700 3 3 0.01
700 3 4 0.01
1300 2 4 0.001
100 2 5 0.01
1300 3 5 0.01
100 4 4 0.001
700 2 4 0
100 2 4 0.01
1300 3 4 0.1
100 2 5 0.1
700 2 4 0.1
700 4 5 0.01
1300 3 5 0
100 4 3 0.01
700 2 4 0
100 2 5 0
700 2 5 0.1
700 3 3 0
700 3 3 0.001
700 3 3 0.01
700 3 3 0.1
700 3 4 0
100 2 4 0.1
1300 3 3 0.01
700 3 4 0.1
1300 3 3 0
700 4 3 0.001
1300 3 4 0.001
100 4 5 0.1
700 2 4 0.1
100 2 3 0.01
1300 3 3 0.01
100 2 5 0.001
1300 2 5 0.001
100 2 5 0.1
1300 3 4 0.1
100 3 5 0.001
1300 2 5 0.01
100 2 4 0.1
1300 3 3 0.1
100 3 5 0
1300 4 4 0.01
100 3 5 0.1
1300 4 4 0.01
100 3 3 0.1
700 2 5 0.001
700 4 4 0.001
100 2 3 0.001
100 2 4 0.01
1300 4 3 0.001
100 4 3 0
700 2 3 0.001
700 4 3 0.1
1300 3 5 0.1
100 4 5 0.01
700 2 4 0.01
100 2 3 0
1300 2 4 0
100 3 3 0.01
1300 2 4 0.1
100 4 4 0
700 2 5 0.01
700 3 5 0
100 3 3 0
1300 3 5 0.01
700 2 5 0.1
100 3 4 0.1
1300 2 3 0.1
100 3 3 0.1
1300 3 4 0.001
100 3 4 0.01
100 4 5 0.1
1300 4 5 0
700 3 4 0
100 3 3 0
1300 2 3 0.01
100 2 5 0
1300 4 3 0.01
700 3 5 0.1
100 4 5 0.001
700 2 4 0.01
700 3 3 0
700 3 5 0.1
1300 4 4 0.1
100 3 4 0.1
1300 3 4 0
100 3 3 0.001
1300 4 3 0.1
100 3 3 0.001
1300 4 5 0
100 4 3 0.001
1300 4 5 0
1300 2 4 0.01
100 3 4 0
700 2 4 0.001
700 4 3 0.1
1300 4 4 0.1
1300 2 3 0.01
700 3 5 0.001
1300 4 4 0
100 3 5 0.001
1300 3 5 0.01
100 2 4 0
1300 3 3 0.1
100 4 3 0.001
700 2 4 0.01
700 3 5 0.001
1300 4 3 0.1
100 4 3 0.001
700 2 3 0.1
700 4 3 0.01
1300 2 5 0.1
100 3 3 0
1300 2 4 0
100 2 3 0.001
1300 3 4 0
100 3 4 0.01
1300 2 5 0.01
100 2 3 0
1300 3 3 0
700 4 5 0.01
700 3 3 0.01
700 3 5 0
1300 2 4 0.001
1300 2 3 0.1
700 3 5 0.01
1300 3 5 0.001
100 4 3 0
1300 2 3 0
700 3 4 0.1
1300 2 5 0
100 3 4 0
100 4 4 0.001
700 2 3 0
700 2 4 0.001
100 3 4 0.001
700 2 3 0.01
700 4 4 0.01
1300 4 5 0.1
700 3 5 0.001
100 3 5 0
1300 4 4 0.1
700 3 5 0.01
1300 4 5 0.001
1300 2 3 0.01
700 4 3 0.1
1300 3 4 0.001
100 3 5 0.001
1300 4 4 0.01
100 3 3 0.001
1300 4 4 0
1300 2 3 0
700 3 4 0.1
1300 3 5 0
1300 2 5 0.001
100 2 5 0.1
1300 4 4 0.001
100 4 3 0.01
1300 3 3 0.01
700 3 5 0.01
700 4 3 0
700 4 3 0.001
100 2 3 0.01
100 2 4 0
1300 2 5 0.1
700 4 4 0.01
1300 3 5 0.1
700 4 4 0
1300 4 5 0.01
100 4 5 0
700 2 3 0.001
700 4 3 0.01
100 4 4 0
1300 2 4 0.1
700 4 4 0.001
700 2 5 0.01
700 4 5 0.001
100 3 5 0.01
700 2 3 0
700 2 5 0.1
100 2 5 0.001
1300 2 5 0.1
100 3 5 0.01
1300 3 3 0
100 2 3 0.1
100 2 5 0.01
100 4 4 0.01
700 2 5 0.001
700 3 4 0
700 3 4 0.001
100 4 5 0.01
700 2 5 0
100 3 5 0
1300 3 5 0.001
1300 2 4 0.001
100 2 5 0
1300 3 4 0.01
100 2 3 0.01
100 4 4 0.01
1300 2 3 0.001
100 3 3 0.01
1300 2 5 0.01
100 3 4 0.001
1300 2 5 0.001
700 4 3 0
100 4 3 0.1
1300 3 4 0.01
700 4 5 0
100 3 4 0.01
1300 3 4 0.01
100 3 4 0.1
100 4 5 0
1300 4 5 0.1
100 4 4 0
700 2 5 0
700 4 5 0.1
700 3 3 0
700 4 4 0.001
1300 4 5 0.001
100 2 4 0
100 4 5 0
1300 4 5 0.1
100 3 4 0
1300 3 3 0.001
100 3 3 0.1
1300 4 3 0
700 2 5 0.001
700 4 4 0.01
1300 2 5 0
100 4 5 0.001
700 2 4 0.001
700 4 3 0.001
100 2 3 0.1
1300 3 3 0.001
100 2 3 0.001
100 4 4 0.001
1300 2 4 0
100 4 3 0.01
700 2 3 0.01
700 4 5 0
1300 2 5 0
700 4 5 0
1300 4 4 0.001
1300 2 3 0.001
700 4 5 0.1
700 3 3 0.1
700 3 4 0.01
100 4 4 0.1
1300 4 3 0.01
100 3 4 0.001
1300 4 5 0.001
700 3 3 0.1
700 4 3 0
100 2 4 0.1
100 4 3 0.1
1300 2 3 0.001
700 4 5 0.001
1300 4 3 0.001
100 2 4 0.001
1300 3 3 0.1
700 4 4 0.1
700 3 3 0.001
700 3 4 0.001
100 2 3 0
100 4 5 0.001
1300 4 3 0.1
100 2 5 0.001
100 4 4 0.1
1300 4 5 0.01
1300 2 3 0.1
700 4 5 0.01
1300 3 4 0.1
1300 2 3 0
700 4 4 0
1300 4 5 0.01
100 4 5 0.01
1300 3 3 0.001
700 3 4 0.001
700 3 4 0.01
1300 2 4 0.1
100 2 4 0.001
1300 3 5 0
700 4 5 0.1
1300 4 3 0
100 3 5 0.1
1300 3 5 0.1
100 3 5 0.01
700 2 3 0.01
700 4 4 0.1
700 2 4 0
700 3 5 0
1300 2 4 0.01
100 2 5 0.01
1300 4 3 0.001
100 2 3 0.1
100 4 5 0.1
******* BEST PARAMS *******
{'Num home factors': 5, 'Learning Rate': 1, 'Iterations': 1300, 'Num season factors': 4, 'Least Train Error': 10.013281574408465, 'Lambda': 0.01}
******* BEST PARAMS *******
--------------------------------------------------------------------------------
Progress: 30.0
2017-10-03 00:27:13.927935
--------------------------------------------------------------------------------
Test set [3009 3036 3224 3299 3367 3443 3456 3482 3506 3577 3649 3652 3723 3736]
--------------------------------------------------------------------------------
Current Error, Least Error, #Iterations
1300 3 4 0.001
100 4 5 0.01
700 2 4 0.001
100 2 3 0.001
1300 2 4 0.01
100 2 5 0.01
700 2 5 0
100 2 4 0.01
1300 2 4 0.1
700 4 4 0.1
700 2 5 0
100 2 5 0.001
1300 3 5 0
1300 2 4 0.01
700 3 5 0.001
700 2 4 0.001
100 2 3 0
1300 2 4 0.1
100 2 3 0.01
100 3 4 0.1
1300 4 4 0
1300 2 3 0.1
100 2 3 0.01
1300 2 3 0.1
100 4 4 0.1
1300 4 4 0.001
100 3 3 0
1300 3 4 0
100 2 3 0.001
1300 2 4 0
700 3 4 0.001
100 2 5 0
1300 2 5 0.001
700 4 5 0.001
700 2 5 0.001
100 3 3 0.01
700 2 3 0.01
700 4 3 0
100 3 4 0.001
1300 4 3 0.1
100 4 3 0.01
100 4 5 0.001
1300 2 5 0.01
700 3 5 0.1
1300 2 5 0.1
100 2 5 0.001
1300 3 5 0.1
100 2 3 0.1
1300 2 5 0
700 4 3 0.01
700 2 5 0.001
700 3 5 0
700 4 5 0
700 2 4 0.1
100 2 3 0
1300 2 4 0.001
100 2 5 0
700 2 5 0.1
700 4 3 0.001
100 4 4 0
1300 4 5 0.1
100 3 5 0.001
100 4 4 0.1
1300 4 5 0.1
700 3 3 0.001
700 3 4 0
700 3 5 0.01
700 4 3 0.1
700 2 3 0.1
700 4 3 0.01
1300 2 3 0.1
700 4 3 0.1
700 2 3 0
700 3 4 0.01
100 4 3 0.1
1300 2 3 0
100 2 4 0.001
1300 2 3 0
700 2 5 0.01
700 4 4 0.01
700 2 4 0.01
100 3 3 0
1300 2 3 0.01
700 4 5 0.01
700 2 4 0.01
700 4 4 0
100 4 3 0.1
1300 2 5 0.1
700 3 3 0
700 4 3 0.001
700 2 4 0.01
700 4 5 0.001
1300 4 3 0
700 4 3 0.01
100 4 3 0
1300 4 5 0
100 3 3 0.1
1300 3 3 0.001
700 3 3 0.01
700 3 4 0.01
700 3 4 0.1
700 3 5 0.1
100 4 3 0.001
1300 2 5 0.1
100 3 4 0
1300 4 3 0
100 2 5 0.1
1300 2 5 0
700 3 5 0.01
100 3 5 0.001
1300 3 5 0.01
100 2 4 0
1300 2 4 0.1
700 4 3 0
1300 2 4 0.01
1300 2 5 0.01
100 2 5 0.01
100 4 3 0.001
1300 4 3 0.1
100 3 5 0.1
1300 3 4 0
100 4 5 0.1
700 2 5 0.1
100 3 3 0.001
1300 3 4 0.01
100 3 3 0.001
700 2 5 0.01
700 4 4 0
700 2 3 0
700 3 5 0
1300 4 3 0.001
100 3 4 0.001
1300 4 5 0.1
100 3 5 0.1
1300 4 5 0.01
100 4 4 0
1300 2 3 0.001
700 3 3 0.01
700 3 4 0.1
100 4 5 0.1
1300 4 3 0.01
100 2 5 0.1
1300 3 3 0
700 4 5 0.01
700 2 4 0.1
100 2 4 0.001
100 4 5 0.001
700 2 3 0.001
700 4 4 0.001
1300 4 4 0.01
100 3 5 0
1300 4 4 0.001
100 4 4 0.1
700 2 4 0.001
100 2 3 0.001
100 4 5 0
700 2 5 0.001
100 2 3 0.01
1300 2 3 0.01
700 3 5 0
100 3 5 0
700 2 4 0.1
100 2 4 0
1300 3 3 0.001
700 3 4 0.1
1300 3 4 0.001
700 3 3 0.1
700 3 4 0.001
100 4 5 0.01
1300 4 3 0.001
100 2 3 0.1
1300 2 3 0.001
700 4 3 0
100 3 4 0.1
100 4 5 0
1300 4 5 0.01
100 4 3 0.001
1300 3 4 0.01
1300 3 5 0.001
100 3 4 0.01
1300 4 4 0.01
100 3 5 0.001
1300 2 4 0.001
100 4 4 0.001
1300 4 5 0.001
100 4 5 0.1
1300 3 3 0.1
700 4 4 0.001
1300 3 3 0.1
100 4 5 0.001
700 3 3 0
700 3 3 0.01
1300 2 3 0
700 4 5 0.1
1300 3 5 0.001
100 4 3 0.01
1300 4 5 0
100 4 4 0.01
700 2 3 0.1
700 4 4 0
1300 3 3 0.01
700 3 3 0.001
700 3 3 0.1
700 3 4 0
700 3 5 0.001
100 2 4 0.1
1300 3 4 0.01
100 2 4 0.1
1300 3 4 0.1
100 2 4 0
1300 4 3 0.1
700 4 3 0.1
1300 2 3 0.01
100 2 4 0.001
1300 2 5 0.001
700 4 5 0.01
1300 4 5 0
100 4 4 0.01
700 2 5 0
700 3 3 0.1
1300 3 3 0.01
700 4 4 0.1
1300 4 3 0
100 3 3 0.001
1300 3 5 0
100 2 5 0.1
1300 3 5 0.001
100 3 4 0.1
1300 4 5 0.001
100 3 4 0.01
1300 3 4 0.1
100 2 4 0.01
100 3 5 0.01
1300 4 5 0.001
1300 2 5 0.01
1300 3 3 0.1
700 4 5 0.1
700 2 5 0.1
100 3 5 0.01
1300 2 5 0.001
100 2 3 0
100 3 3 0.01
1300 2 5 0
700 3 5 0.1
1300 4 4 0.1
100 4 5 0
700 2 4 0
700 4 4 0.1
700 2 3 0.001
700 3 4 0.001
700 2 3 0.001
700 4 5 0.001
1300 3 4 0.1
100 3 3 0
100 3 5 0
1300 4 3 0.001
100 2 5 0
1300 3 5 0
100 4 4 0
1300 4 4 0.1
1300 3 4 0.001
100 3 4 0.001
1300 4 4 0
100 3 4 0.01
1300 3 3 0
100 3 3 0.1
100 4 3 0
700 2 4 0
700 4 3 0.001
100 4 4 0.001
1300 2 4 0
100 2 3 0.1
100 4 3 0.01
1300 4 4 0.001
100 2 5 0.01
1300 3 4 0
700 3 4 0
1300 4 3 0.01
100 4 3 0
1300 4 4 0.01
1300 2 4 0.001
100 3 3 0.1
1300 3 5 0.1
100 4 4 0.001
1300 2 3 0.001
700 4 5 0.1
1300 4 4 0.1
100 2 5 0.001
100 3 5 0.1
100 4 5 0.01
1300 3 3 0.001
100 2 4 0.01
1300 4 4 0
700 3 3 0
100 3 4 0
1300 3 3 0.01
700 4 5 0
700 2 5 0.01
100 2 4 0.1
1300 3 5 0.1
100 3 5 0.01
1300 4 3 0.01
100 3 3 0.01
1300 3 5 0.01
100 3 4 0
700 2 3 0
700 4 4 0.01
700 2 3 0.1
700 3 4 0.01
700 2 3 0.01
700 4 4 0.01
******* BEST PARAMS *******
{'Num home factors': 5, 'Learning Rate': 1, 'Iterations': 700, 'Num season factors': 4, 'Least Train Error': 10.060232247924233, 'Lambda': 0}
******* BEST PARAMS *******
--------------------------------------------------------------------------------
Progress: 40.0
2017-10-03 00:44:42.276849
--------------------------------------------------------------------------------
Test set [3778 3829 3893 3967 4000 4031 4213 4297 4298 4342 4505 4732 4767 4874]
--------------------------------------------------------------------------------
Current Error, Least Error, #Iterations
700 2 3 0.1
700 4 3 0.1
1300 3 5 0.01
100 3 5 0
100 4 4 0.01
1300 3 4 0.1
1300 3 5 0
700 3 5 0.01
100 3 4 0.001
1300 4 4 0
100 2 4 0.1
1300 2 5 0.01
700 3 4 0.1
100 3 3 0.01
700 2 3 0.01
700 3 4 0.001
100 2 5 0.001
1300 2 5 0
100 2 5 0.001
1300 2 5 0.1
100 2 3 0.001
1300 4 3 0.001
100 3 3 0.1
1300 3 5 0
700 3 3 0.01
100 2 5 0
1300 2 3 0.01
700 3 4 0.01
700 2 5 0.01
700 3 3 0.01
700 3 4 0
700 4 4 0.1
700 2 5 0
700 3 5 0
1300 4 3 0.001
1300 2 5 0.1
100 2 4 0.1
100 4 3 0
1300 3 3 0
100 2 3 0.01
1300 2 4 0
700 3 5 0.1
1300 3 4 0.01
100 3 5 0.001
1300 4 4 0.01
100 4 3 0
1300 4 3 0
100 2 4 0.001
700 2 5 0.1
100 2 3 0.01
1300 2 4 0.001
100 2 4 0.01
1300 2 3 0.001
700 4 3 0.01
1300 4 5 0.1
1300 2 3 0.1
700 3 3 0.1
100 4 5 0.1
1300 4 5 0.01
1300 3 3 0.1
100 2 4 0
1300 2 4 0.1
100 2 3 0.1
100 4 5 0.001
700 2 5 0.01
100 2 3 0.1
1300 4 5 0
100 2 5 0
1300 3 3 0.1
700 3 3 0.001
100 3 4 0
1300 2 4 0.001
700 3 5 0
1300 4 4 0.01
100 4 5 0.01
700 2 5 0.001
700 4 4 0
700 2 5 0
100 3 4 0.001

1300 3 5 0.1
1300 2 3 0
100 2 3 0
100 3 5 0.1
700 2 4 0
100 2 3 0
100 3 5 0.001
700 2 4 0.01
700 4 4 0.001
700 2 3 0.1
700 3 4 0
1300 3 3 0.1
700 4 3 0.1
1300 4 5 0.001
100 3 3 0
1300 3 4 0
100 3 3 0.1
100 4 3 0.1
700 2 4 0.001
100 2 5 0.01
700 2 3 0.001
700 3 4 0.01
100 4 5 0
700 2 4 0.1
700 3 4 0.01
1300 3 4 0.001
100 2 5 0.001
1300 3 4 0.001
700 4 3 0.01
1300 2 5 0.01
700 4 3 0.001
1300 3 5 0.1
700 3 3 0.01
100 3 3 0.1
1300 4 4 0
100 4 5 0.1
1300 3 4 0.001
100 3 4 0.01
1300 2 4 0.1
100 3 5 0.1
1300 2 5 0.01
700 4 3 0.001
1300 3 3 0.01
700 4 5 0.01
1300 4 4 0.001
100 3 4 0
1300 4 3 0
100 4 3 0.001
1300 3 4 0.1
700 4 3 0
1300 2 4 0.01
700 3 3 0
700 3 5 0.001
100 4 3 0.01
1300 2 4 0.01
100 4 4 0
700 2 4 0
100 2 3 0.001
100 4 3 0.01
1300 3 4 0
100 3 3 0.001
1300 3 3 0
100 2 5 0.1
1300 2 4 0.01
700 3 4 0.1
1300 2 3 0.1
700 3 5 0.01
1300 4 5 0.01
100 2 3 0
1300 2 4 0
700 3 5 0.01
1300 4 5 0
100 3 4 0.1
1300 2 5 0
100 4 5 0.001
1300 4 5 0.001
100 4 5 0
1300 4 3 0.01
100 3 5 0
1300 2 3 0.01
700 3 5 0
100 4 3 0.01
1300 4 3 0.1
100 2 4 0.001
1300 2 3 0
100 2 4 0.01
1300 4 3 0.01
100 2 3 0.1
100 3 5 0.1
1300 4 4 0.1
100 3 3 0
1300 3 3 0.001
100 2 5 0
1300 4 3 0.1
700 4 5 0
1300 4 5 0.1
100 4 5 0.01
1300 3 5 0.001
100 4 3 0
1300 3 4 0.1
100 3 5 0.01
1300 4 5 0
100 4 3 0.001
1300 4 5 0.1
700 4 4 0
1300 2 3 0.001
100 2 4 0.01
100 3 4 0.1
1300 4 4 0.001
700 4 5 0.1
700 2 4 0.01
100 2 3 0.01
100 3 5 0.01
1300 3 5 0.01
1300 2 3 0.001
700 3 3 0
700 4 4 0.01
700 2 5 0.1
700 4 3 0.001
100 3 4 0.01
1300 2 4 0.001
700 4 3 0
1300 3 3 0.001
100 2 5 0.1
1300 2 5 0.001
100 4 3 0.001
1300 4 4 0.001
100 4 3 0.1
1300 3 5 0.1
100 3 5 0.001
700 2 3 0
700 3 4 0.001
100 4 4 0.1
1300 2 4 0
100 4 4 0.001
700 2 3 0.01
700 4 5 0
1300 3 4 0.01
100 4 4 0
1300 2 3 0.1
700 3 4 0.1
100 2 4 0.001
1300 2 5 0.1
700 4 5 0.001
1300 4 3 0.1
100 4 3 0.1
1300 3 3 0.001
100 3 3 0.001
1300 2 5 0.001
700 4 4 0.1
1300 4 4 0.01
700 4 5 0.01
700 2 4 0.001
700 4 4 0
1300 4 5 0.01
100 4 4 0.001
700 2 3 0.01
700 4 5 0.001
700 2 5 0.001
700 3 3 0
700 3 3 0.001
700 3 3 0.1
700 3 5 0.1
100 4 4 0.01
700 2 4 0.01
700 4 3 0.1
1300 4 4 0
700 3 3 0.001
700 3 3 0.1
700 4 5 0
700 2 3 0
700 4 4 0.01
700 2 3 0.001
700 4 3 0.01
1300 3 5 0.01
100 2 5 0.1
100 4 5 0.001
1300 3 4 0
100 3 5 0
1300 4 3 0.001
100 3 3 0.01
100 3 5 0.01
700 2 3 0.001
100 2 4 0
100 4 4 0.01
700 2 5 0
100 2 3 0.001
1300 2 3 0.01
700 3 4 0.001
1300 4 5 0.001
100 4 5 0
1300 4 4 0.1
100 3 4 0.01
1300 4 3 0.01
100 3 3 0.001
100 4 4 0
700 2 4 0.1
100 2 4 0.1
100 4 5 0.1
1300 2 3 0
100 3 3 0.01
1300 3 4 0.01
100 3 4 0.1
1300 3 3 0
700 4 3 0
700 4 5 0.1
1300 2 4 0.1
100 2 5 0.01
1300 3 5 0.001
100 3 4 0.001
1300 3 3 0.01
700 4 4 0.1
1300 3 5 0.001
700 4 5 0.1
700 2 3 0
700 3 5 0.1
1300 4 4 0.1
100 4 5 0.01
******* BEST PARAMS *******
{'Num home factors': 5, 'Learning Rate': 0.5, 'Iterations': 700, 'Num season factors': 4, 'Least Train Error': 10.335400934831352, 'Lambda': 0.001}
******* BEST PARAMS *******
--------------------------------------------------------------------------------
Progress: 50.0
2017-10-03 01:03:02.302428
--------------------------------------------------------------------------------
Test set [4922 4946 4957 4998 5026 5109 5209 5218 5357 5371 5439 5673 5677 5746]
--------------------------------------------------------------------------------
Current Error, Least Error, #Iterations
700 2 4 0.001
700 3 4 0.01
1300 2 4 0.1
100 3 5 0.01
1300 2 4 0
100 2 3 0.1
1300 2 4 0.001
1300 2 4 0.01
100 3 4 0.01
1300 4 3 0.001
100 2 3 0.001
1300 4 5 0.1
1300 3 4 0
100 3 4 0.1
1300 3 5 0.01
100 3 3 0.01
1300 2 5 0.1
1300 3 4 0.1
700 4 5 0
1300 2 4 0.001
700 3 3 0.1
1300 4 3 0.01
100 3 5 0.001
1300 4 4 0.01
100 4 4 0
700 2 3 0.001
700 3 4 0
1300 4 4 0.01
700 3 3 0.001
100 3 3 0
1300 2 3 0.001
700 3 5 0
1300 2 5 0.01
100 2 4 0
1300 4 5 0.001
100 4 3 0.01
1300 4 5 0.001
100 3 3 0.1
1300 4 3 0
100 3 3 0.001
1300 2 5 0.01
100 3 5 0.01
1300 3 5 0.001
100 3 5 0.1
1300 4 5 0.1
100 2 5 0.001
1300 2 4 0.1
100 3 4 0.01
1300 4 5 0
100 4 5 0
700 2 3 0.1
700 3 4 0.001
1300 4 4 0.001
100 4 5 0.01
1300 4 5 0.01
100 4 4 0.1
700 2 4 0.1
100 2 3 0
700 2 5 0.01
700 3 3 0
700 3 3 0.01
700 3 5 0
1300 3 3 0.001
100 2 3 0.1
1300 2 3 0
700 4 3 0.001
700 2 3 0.1
700 3 4 0.1
1300 3 3 0.01
700 3 3 0
700 3 3 0.001
700 4 3 0.001
1300 3 3 0.1
700 4 3 0.01
1300 3 5 0.01
100 2 5 0
100 4 3 0.1
700 2 3 0.01
700 4 3 0.01
1300 4 3 0.01
100 2 5 0
100 3 4 0.01
700 2 3 0
700 3 5 0.1
1300 2 4 0
100 3 4 0.001
1300 3 5 0.001
100 3 3 0.1
100 4 3 0.01
700 2 5 0.1
100 2 3 0.1
100 3 3 0.001
1300 2 4 0.001
100 3 3 0.001
1300 3 4 0.1
100 2 5 0.1
700 2 4 0.01
700 4 5 0.01
700 2 5 0.1
700 3 3 0.1
100 4 3 0
1300 4 5 0.001
100 4 3 0.1
1300 3 4 0.01
1300 3 4 0.001
100 3 3 0
1300 3 4 0.001
700 3 3 0.01
1300 2 3 0.1
700 3 5 0.01
700 4 4 0.01
100 2 3 0
100 2 3 0.01
100 2 4 0.1
1300 2 3 0
700 3 5 0.001
1300 2 5 0
100 3 3 0
100 4 4 0
1300 2 5 0.001
100 4 5 0.001
700 2 5 0.01
100 2 5 0.001
100 4 5 0.001
700 2 4 0.01
700 3 5 0.001
1300 3 4 0.001
1300 2 5 0.001
100 3 5 0.001
1300 4 5 0.01
100 4 3 0
1300 4 5 0.01
700 4 5 0.1
1300 4 4 0.001
700 3 4 0
700 4 4 0.01
1300 3 3 0.001
700 3 5 0.1
1300 2 3 0.01
100 2 3 0.001
100 2 4 0
100 2 4 0.001
1300 2 3 0.01
700 4 3 0.1
1300 3 5 0.1
100 3 5 0.001
700 2 4 0.1
700 4 3 0.1
100 3 3 0.1
1300 4 3 0.1
100 3 3 0.01
1300 3 3 0
100 2 3 0.01
100 3 4 0
1300 2 3 0
100 3 4 0
100 4 4 0.001
700 2 4 0.01
700 4 5 0.01
700 2 5 0.001
100 2 4 0.001
100 4 5 0.001
700 2 5 0.001
700 4 5 0.001
1300 4 4 0.1
100 2 4 0
1300 2 5 0.001
100 2 5 0.01
100 4 4 0.01
1300 4 3 0
100 2 5 0.001
100 2 5 0.01
100 4 4 0
700 2 5 0
100 2 4 0.001
1300 2 4 0.1
700 3 3 0.001
100 3 5 0.01
700 2 4 0
100 2 5 0.1
1300 2 3 0.1
700 3 4 0.01
700 4 3 0
100 4 3 0.01
1300 4 4 0.01
100 3 4 0.1
1300 3 3 0.1
100 4 4 0.1
700 2 5 0.001
100 2 4 0.1
100 4 5 0.01
700 2 3 0.01
700 3 4 0.1
700 2 3 0.001
700 3 3 0.1
100 3 3 0.01
1300 3 5 0.01
100 2 5 0.1
1300 3 3 0.01
700 4 5 0
1300 3 5 0.1
100 3 4 0.1
1300 4 3 0.001
100 4 3 0.1
700 2 3 0
700 3 5 0.01
1300 4 4 0.1
1300 2 5 0.1
100 3 4 0
1300 4 4 0
100 3 4 0.001
1300 3 5 0.001
100 4 5 0
700 2 4 0
700 4 5 0.001
700 2 5 0.01
700 4 5 0.01
1300 3 3 0.01
700 3 4 0.001
1300 2 5 0
700 3 3 0.01
100 2 5 0
1300 2 5 0.1
100 2 4 0.1
100 4 5 0
1300 2 4 0.01
700 4 3 0.001
100 3 5 0
1300 4 4 0
700 4 4 0.001
1300 3 4 0.01
100 2 4 0.01
100 4 4 0.1
1300 2 3 0.001
100 4 3 0
700 2 3 0.1
700 3 5 0.01
1300 4 4 0.001
100 4 3 0.001
1300 3 3 0
700 4 3 0.01
700 4 4 0.001
700 4 4 0.1
1300 4 3 0
100 4 3 0.001
1300 4 3 0.1
700 3 4 0.01
1300 2 4 0
100 3 4 0.001
1300 3 3 0.1
100 2 4 0.01
1300 3 4 0
700 4 4 0.01
1300 2 5 0
100 2 4 0.01
100 4 4 0.01
700 2 4 0.1
100 2 3 0.001
100 4 4 0.01
700 2 5 0
700 4 5 0.1
1300 4 5 0
1300 3 4 0.01
100 2 3 0.01
100 4 5 0.1
700 2 4 0
700 4 4 0.001
100 3 5 0.1
1300 4 3 0.001
700 3 5 0.001
1300 3 5 0
700 4 4 0.1
1300 4 4 0.1
100 4 4 0.001
1300 3 4 0
100 4 5 0.1
700 2 4 0.001
700 4 5 0.1
700 2 5 0.1
700 4 5 0.001
******* BEST PARAMS *******
{'Num home factors': 5, 'Learning Rate': 0.5, 'Iterations': 700, 'Num season factors': 4, 'Least Train Error': 10.036506729757926, 'Lambda': 0.001}
******* BEST PARAMS *******
--------------------------------------------------------------------------------
Progress: 60.0
2017-10-03 01:21:38.694229
--------------------------------------------------------------------------------
Test set [5785 5814 5817 6072 6121 6139 6266 6418 6498 6636 6692 6836 6910 7016]
--------------------------------------------------------------------------------
Current Error, Least Error, #Iterations
1300 2 3 0.1
100 2 4 0
1300 2 5 0.001
100 2 4 0.001
1300 2 3 0.01
700 3 4 0.1
700 2 4 0
700 4 4 0.01
1300 3 4 0.1
100 4 3 0.001
1300 4 4 0.1
100 2 4 0.01
700 2 4 0.001
700 4 3 0.1
100 3 5 0.1
1300 2 3 0.1
700 4 3 0.01
1300 4 3 0.1
100 2 5 0.1
1300 2 3 0.001
100 3 3 0.01
1300 2 4 0.001
100 2 5 0
1300 3 4 0
100 3 4 0.1
700 2 4 0.01
700 3 5 0.1
1300 4 5 0
100 2 4 0.1
1300 2 3 0.001
700 3 3 0.001
700 3 3 0.01
100 3 3 0.001
1300 3 4 0.001
100 2 3 0.1
100 4 3 0.01
700 2 4 0.01
700 3 3 0.01
700 3 3 0.1
700 3 4 0
700 3 5 0.001
1300 2 4 0.001
100 2 4 0.001
1300 3 3 0
100 3 3 0
100 4 5 0
1300 3 4 0
100 2 5 0.001
100 4 5 0.1
700 2 4 0.1
100 2 4 0.1
1300 2 4 0
100 4 4 0
1300 4 4 0
1300 2 3 0
100 2 3 0.001
100 3 5 0
1300 4 3 0
100 2 3 0.001
100 4 5 0.1
700 2 5 0.001
100 3 4 0.1
1300 4 3 0.001
100 2 5 0
700 2 3 0
700 4 3 0
1300 3 3 0.1
700 2 5 0.01
100 4 3 0
1300 3 5 0.1
700 3 3 0.1
700 3 4 0.001
1300 4 4 0.01
700 3 5 0
1300 3 5 0.001
100 4 3 0.1
700 2 4 0.001
700 3 4 0.01
1300 3 3 0.1
100 3 4 0.1
1300 4 5 0.001
100 3 3 0.01
1300 3 3 0
700 3 5 0.001
700 2 3 0.001
700 3 4 0.01
1300 3 5 0.1
100 4 4 0
700 2 3 0.1
700 4 3 0
700 2 4 0.1
700 4 4 0.001
700 2 3 0.001
700 4 4 0
1300 2 5 0.1
100 3 3 0
1300 3 3 0.01
100 2 3 0.01
1300 2 4 0
100 3 3 0.1
1300 2 4 0.1
100 2 5 0.001
1300 3 4 0.1
100 4 3 0.1
700 2 4 0
700 4 5 0.001
700 3 3 0
700 3 5 0
1300 4 5 0.01
700 4 5 0.1
700 3 3 0
100 3 3 0
1300 2 4 0.01
100 2 5 0.01
1300 4 4 0.1
100 3 5 0.01
1300 4 5 0.1
100 3 5 0
1300 4 4 0
100 3 3 0.01
700 2 3 0.1
700 3 5 0.001
1300 4 3 0.001
700 3 5 0.01
1300 4 5 0.1
100 3 3 0.1
1300 4 3 0.01
100 3 4 0.01
1300 3 4 0.01
700 3 4 0.001
1300 2 5 0
100 3 4 0
1300 3 4 0
100 2 5 0
1300 3 4 0.001
100 3 5 0.001
1300 4 4 0.001
100 3 4 0.01
1300 3 4 0.01
700 3 3 0.01
100 2 4 0.1
1300 2 5 0.1
100 4 3 0.01
700 2 3 0.001
700 3 5 0.01
1300 2 4 0.001
700 3 3 0.1
100 2 5 0.1
1300 4 3 0.1
700 3 5 0.1
1300 3 4 0.01
100 3 4 0.001
1300 4 3 0.001
700 4 3 0.001
1300 4 5 0.01
100 3 4 0.01
1300 3 5 0
100 4 3 0.001
1300 4 5 0
100 4 5 0.001
1300 4 3 0.01
700 4 5 0
1300 4 5 0.001
100 4 4 0.001
700 2 5 0.1
700 3 3 0
700 3 3 0.001
100 2 4 0.01
1300 3 3 0
100 3 3 0.001
1300 3 4 0.001
100 3 5 0.001
1300 2 5 0.001
100 4 5 0.01
700 2 4 0.1
700 4 4 0.001
700 2 4 0
700 3 4 0
100 4 3 0.1
1300 3 5 0.1
100 2 5 0.001
1300 3 5 0
100 3 5 0.01
1300 3 5 0.001
100 3 5 0.1
1300 3 5 0
100 4 3 0
1300 2 3 0
700 4 3 0.001
1300 4 3 0.01
100 3 5 0.01
700 2 5 0.001
700 3 5 0.01
1300 2 3 0.001
700 3 5 0
1300 3 3 0.001
700 4 4 0.1
1300 3 5 0.001
700 4 5 0
1300 3 3 0.001
700 4 3 0.1
1300 3 3 0.1
700 4 3 0.1
700 2 5 0.01
700 3 4 0.1
1300 2 3 0.01
700 3 3 0.001
100 3 4 0
1300 3 4 0.1
100 4 3 0
1300 2 3 0
100 3 3 0.1
1300 2 5 0
100 2 3 0.1
100 3 5 0.1
1300 4 5 0.01
100 4 3 0.01
1300 3 5 0.01
100 4 3 0.001
1300 2 5 0.01
100 3 4 0.001
1300 2 5 0.001
700 4 5 0
1300 4 5 0.1
100 3 3 0.001
1300 4 3 0
100 2 3 0
100 4 4 0.001
700 2 3 0.01
700 4 5 0.01
1300 4 4 0.001
700 4 5 0.001
700 2 4 0.001
100 2 3 0.01
100 4 5 0.001
700 2 5 0.001
700 4 4 0
1300 2 5 0.01
100 2 5 0.01
1300 3 5 0.01
100 2 3 0.001
100 4 5 0.01
700 2 5 0
700 4 3 0.001
100 4 4 0.1
700 2 3 0.01
700 3 4 0
700 3 4 0.001
100 3 4 0.001
1300 4 4 0.1
700 3 4 0.1
100 2 5 0.01
1300 2 3 0.1
700 2 5 0.01
100 2 3 0
100 4 4 0
1300 4 5 0.001
100 4 4 0.01
700 2 3 0.1
700 4 4 0.01
700 2 3 0
700 4 4 0.01
1300 3 3 0.001
100 2 4 0.001
1300 3 3 0.01
700 4 5 0.01
1300 3 5 0.01
100 4 5 0
1300 2 4 0.1
700 4 5 0.01
700 2 5 0.1
100 2 4 0
1300 2 4 0
700 4 5 0.001
1300 2 5 0
700 4 4 0
1300 4 4 0.001
100 2 5 0.1
100 4 5 0
1300 4 4 0.01
700 4 3 0.01
100 4 4 0.01
1300 2 3 0.01
100 3 4 0
1300 4 4 0.01
100 4 4 0.01
700 2 4 0.01
700 4 5 0.1
1300 2 5 0.1
100 3 5 0.001
700 2 3 0
700 4 3 0
1300 2 5 0.01
700 4 4 0.001
1300 4 4 0
100 2 3 0
100 4 4 0.1
700 2 5 0
700 4 5 0.1
1300 4 5 0
100 2 3 0.1
100 4 5 0.1
1300 4 3 0.1
700 4 3 0.01
100 4 4 0.001
700 2 3 0.01
700 4 4 0.1
700 2 5 0.1
100 2 3 0.01
100 4 5 0.01
700 2 5 0
700 4 4 0.1
1300 2 4 0.1
700 3 4 0.01
100 4 4 0.1
1300 4 3 0
100 2 4 0
100 4 5 0.001
******* BEST PARAMS *******
{'Num home factors': 5, 'Learning Rate': 0.5, 'Iterations': 700, 'Num season factors': 4, 'Least Train Error': 9.317708884008264, 'Lambda': 0}
******* BEST PARAMS *******
--------------------------------------------------------------------------------
Progress: 70.0
2017-10-03 01:40:57.851921
--------------------------------------------------------------------------------
Test set [7024 7057 7319 7390 7429 7510 7597 7641 7731 7741 7769 7793 7800 7866]
--------------------------------------------------------------------------------
Current Error, Least Error, #Iterations
700 2 5 0.001
700 4 3 0.1
1300 4 3 0.01
100 3 5 0.01
1300 4 5 0
1300 3 5 0.001
700 4 5 0
700 3 3 0
100 2 3 0.001
1300 2 3 0.01
100 2 3 0
1300 2 4 0.1
100 4 4 0.001
1300 4 5 0.1
100 4 5 0.001
700 2 5 0.01
100 3 3 0
1300 4 3 0.01
700 3 5 0
700 4 4 0.1
700 2 3 0.1
100 2 4 0
1300 3 3 0
100 2 3 0.01
1300 3 3 0.1
100 2 5 0.01
1300 2 5 0.001
100 4 3 0.1
1300 4 3 0.01
100 2 4 0.01
1300 3 5 0.1
100 4 5 0.001
700 2 4 0.1
100 2 3 0.01
1300 2 4 0.01
100 2 4 0
700 2 3 0.01
700 4 3 0
1300 2 3 0.1
100 2 4 0.1
1300 3 3 0.01
700 3 4 0.01
100 3 4 0
1300 2 5 0.01
100 3 4 0.01
1300 3 4 0.1
100 3 4 0
1300 2 4 0.1
100 2 4 0.001
1300 2 3 0
100 2 4 0.01
1300 2 4 0.1
100 2 5 0.001
1300 3 3 0.1
100 2 5 0
1300 2 4 0.01
700 3 3 0.001
700 3 4 0.001
100 3 4 0.001
1300 3 5 0.1
700 2 5 0.1
700 3 5 0.001
700 3 5 0.1
100 4 3 0.01
1300 2 4 0
700 3 5 0.1
100 4 3 0.01
700 2 4 0
700 4 4 0.001
1300 4 5 0
1300 2 4 0.001
700 4 3 0.001
1300 3 4 0.01
100 4 3 0
1300 4 3 0.001
100 4 3 0
1300 3 5 0.001
700 3 3 0.001
700 3 3 0.1
700 3 5 0
1300 4 4 0.001
100 4 4 0
1300 4 5 0.01
100 4 4 0.001
1300 4 4 0
100 2 5 0.1
1300 4 5 0.01
100 4 5 0
700 2 4 0.001
100 2 4 0.001
1300 3 3 0.001
100 2 5 0.001
1300 3 4 0.001
100 3 3 0.01
1300 3 5 0.001
100 4 5 0
700 2 4 0.01
100 2 4 0.1
1300 2 3 0.01
100 2 4 0.1
1300 2 3 0.001
700 4 4 0
1300 4 3 0
100 3 3 0.001
700 2 5 0
700 3 4 0.01
100 4 4 0.01
700 2 3 0.001
700 4 3 0.001
1300 4 3 0.1
700 4 5 0
1300 3 3 0
100 3 3 0.001
1300 2 4 0.01
700 4 5 0
700 2 3 0
700 4 3 0.1
1300 3 3 0.01
100 2 5 0.001
1300 3 3 0.1
700 4 3 0.01
1300 2 3 0.001
700 4 3 0
1300 3 4 0
700 3 4 0
100 4 5 0.1
700 2 5 0.01
700 3 3 0.01
700 3 4 0.1
100 2 5 0.1
1300 4 3 0.001
100 3 3 0.01
1300 2 5 0.001
100 2 4 0.001
1300 2 4 0
100 3 3 0.01
1300 3 5 0.01
100 3 5 0.01
700 2 5 0.01
700 3 4 0.1
700 4 5 0.01
700 3 3 0.001
700 4 5 0.001
700 2 4 0.1
700 3 5 0.01
1300 3 4 0.1
100 2 3 0
1300 2 3 0.01
100 2 5 0.01
1300 3 4 0.001
700 4 4 0.1
1300 2 5 0
100 4 3 0.1
1300 4 4 0.1
1300 2 5 0.01
700 3 4 0.001
100 2 5 0.01
100 3 5 0.001
700 2 3 0.001
700 3 5 0.01
100 4 3 0.01
1300 4 5 0.001
100 3 3 0.001
1300 3 5 0.1
100 3 5 0.1
1300 4 4 0.01
100 4 3 0.001
1300 4 4 0.01
700 4 5 0.1
700 2 4 0
700 4 3 0.1300 4 4 0
700 4 5 0.001
700 2 5 0
100 2 5 0
1300 3 4 0
100 3 4 0.1
1300 4 5 0
700 3 5 0.001
700 4 5 0.1
700 2 3 0
700 4 3 0
1300 3 4 0.01
100 3 3 0.1
1300 4 5 0.001
100 3 5 0.1
1300 4 4 0.001
1300 2 3 0.1
700 3 5 0.001
1300 2 4 0.001
100 2 3 0.1
1300 2 5 0
700 4 5 0.01
700 2 5 0.1
700 3 3 0
700 3 3 0.01
700 3 4 0
100 4 3 0.1
1300 2 3 0.1
100 2 5 0
1300 3 5 0.01
100 3 4 0.1
1300 4 5 0.01
100 4 4 0
******* BEST PARAMS *******
{'Num home factors': 5, 'Learning Rate': 0.5, 'Iterations': 700, 'Num season factors': 4, 'Least Train Error': 10.161840111477453, 'Lambda': 0.001}
******* BEST PARAMS *******
--------------------------------------------------------------------------------
Progress: 80.0
2017-10-03 01:59:06.781711
--------------------------------------------------------------------------------
Test set [7982 8031 8047 8142 8236 8243 8317 8626 9052 9134 9195 9215 9233 9484]
--------------------------------------------------------------------------------
Current Error, Least Error, #Iterations
1300 2 4 0.1
700 3 4 0.1
1300 3 4 0
100 4 5 0.1
1300 4 4 0.01
1300 3 5 0.1
1300 2 4 0.001
700 4 3 0.01
1300 2 3 0.001
700 2 5 0
700 4 5 0.01
1300 3 5 0.001
100 4 5 0
700 2 5 0
700 4 5 0.1
1300 2 5 0.01
700 3 5 0
100 4 4 0.01
1300 2 5 0.1
100 3 4 0
1300 2 4 0.01
700 3 5 0.001
700 4 3 0
700 4 3 0.001
100 4 3 0.1
700 2 4 0.001
100 2 5 0.01
700 2 4 0.001
700 4 5 0.001
700 2 5 0.01
700 4 5 0.01
700 3 3 0
700 3 4 0
700 3 4 0.01
1300 3 3 0.1
100 2 4 0.01
1300 2 3 0
700 3 3 0.001
700 3 3 0.1
700 3 4 0.001
1300 2 5 0.1
700 3 3 0.001
700 3 3 0.1
100 2 3 0
1300 2 3 0.001
100 3 3 0.001
1300 4 3 0
100 4 3 0.001
1300 4 5 0
100 4 5 0.01
1300 4 3 0
100 3 5 0
1300 3 5 0.001
100 2 5 0.1
1300 3 3 0.01
700 2 4 0.1
100 2 3 0.001
1300 4 5 0.1
100 2 3 0.01
100 4 4 0.001
700 2 3 0.001
100 2 4 0.01
100 3 5 0.1
1300 3 5 0
100 4 3 0.001
1300 3 5 0
100 4 5 0.1
700 2 3 0
700 3 4 0.1
700 3 5 0.01
100 2 5 0.001
100 3 5 0.01
1300 3 4 0.001
100 2 4 0.01
700 2 5 0
700 4 5 0
700 2 5 0.001
100 3 3 0.1
1300 4 4 0.001
100 3 4 0.1
1300 4 4 0
700 4 4 0.001
1300 4 4 0
100 2 4 0.001
1300 3 4 0.01
100 2 4 0.1
1300 3 4 0.1
700 4 5 0.1
700 2 3 0.1
700 4 4 0.1
700 2 5 0.1
100 3 3 0.01
700 2 3 0
700 3 5 0.001
100 4 3 0.1
1300 4 4 0.001
100 2 3 0
1300 2 4 0.001
700 4 3 0.01
700 2 4 0.1
700 3 3 0.01
700 3 5 0
100 2 5 0.001
100 4 5 0.001
700 2 4 0.01
100 4 3 0
1300 4 3 0.001
700 3 5 0.001
1300 2 3 0.1
100 2 5 0.1
1300 2 4 0.1
100 2 4 0
1300 3 3 0.1
100 2 5 0.001
700 2 4 0
700 4 5 0.01
700 2 4 0.1
100 3 4 0.1
700 2 3 0
700 4 4 0
1300 2 3 0
100 2 3 0
100 4 5 0.01
700 2 4 0
100 3 3 0.01
1300 4 5 0.1
100 3 4 0
700 2 3 0.01
700 4 3 0.001
100 3 5 0.001
1300 4 5 0.01
1300 4 4 0
100 2 5 0
1300 2 5 0.001
100 4 4 0.01
1300 4 5 0.1
100 2 4 0.1
100 3 5 0
1300 4 5 0.001
100 3 3 0
1300 2 4 0.01
100 4 4 0
700 2 5 0.1
100 2 5 0
1300 3 3 0.001
100 3 3 0.001
1300 2 4 0.001
100 4 3 0.01
1300 4 3 0.01
1300 2 5 0.001
100 2 5 0.1
1300 3 4 0
1300 2 3 0.001
700 4 4 0.01
1300 2 4 0
700 4 3 0.1
700 2 3 0.001
700 3 3 0.001
700 4 3 0.01
1300 3 5 0.1
100 3 4 0.01
1300 3 4 0.1
100 3 3 0.1
1300 2 5 0
100 3 5 0.01
1300 4 3 0.001
1300 3 3 0
100 3 4 0.01
700 2 5 0.01
700 3 4 0
700 3 4 0.01
1300 3 5 0
700 4 4 0
1300 3 5 0.1
100 3 5 0.001
700 2 4 0.01
700 4 3 0
1300 3 4 0.1
1300 2 4 0.1
100 3 5 0.01
1300 2 3 0.01
700 3 5 0.1
100 2 5 0
1300 3 3 0.1
100 3 3 0
1300 3 4 0
100 3 5 0.1
1300 4 3 0.1
100 3 4 0.1
1300 3 4 0.01
100 2 3 0.001
1300 2 5 0
100 2 4 0
100 3 5 0
700 2 5 0.1
700 3 3 0.1
100 2 3 0.001
1300 2 5 0
700 3 5 0.1
700 4 5 0.001
1300 4 3 0.1
100 2 3 0.1
100 4 3 0.01
1300 2 4 0
700 3 4 0.001
100 2 4 0.1
1300 3 4 0.001
100 4 5 0.01
700 2 5 0.001
100 3 4 0.001
1300 4 4 0.1
700 4 4 0.1
1300 4 3 0.1
100 4 4 0.1
700 3 3 0.01
700 3 4 0.001
100 4 3 0
1300 3 3 0.01
100 3 4 0.01
1300 3 5 0.01
100 2 3 0.1
100 3 4 0
1300 2 3 0.1
700 4 3 0.001
1300 3 5 0.01
100 3 3 0.1
1300 3 3 0
100 4 4 0.01
1300 3 5 0.01
700 4 3 0
100 4 4 0.001
1300 3 4 0.001
100 2 5 0.01
1300 2 5 0.001
700 3 4 0.01
100 4 4 0.001
700 2 4 0
100 2 4 0.001
100 4 4 0
1300 4 3 0.001
100 4 3 0
1300 4 4 0.01
100 4 3 0.01
700 2 3 0.01
700 3 5 0.01
1300 3 4 0.01
100 4 4 0.1
700 2 4 0.001
700 3 5 0
100 3 3 0.001
1300 3 5 0.001
100 4 3 0.1
1300 4 3 0.01
700 4 4 0.01
1300 2 3 0.01
700 4 4 0.001
1300 4 5 0.01
100 4 4 0.1
1300 3 3 0
700 4 3 0.1
1300 2 4 0
700 3 3 0
700 3 3 0.01
700 3 4 0
1300 2 3 0
700 3 4 0.1
100 4 5 0
700 2 5 0.001
700 4 4 0
1300 4 4 0.1
1300 2 3 0.01
700 3 5 0.1
1300 3 3 0.001
100 2 3 0.1
1300 2 5 0.01
700 4 3 0.1
1300 2 4 0.01
100 2 3 0.01
100 4 5 0.1
700 2 3 0.1
700 3 3 0
100 2 4 0.001
100 3 5 0.1
1300 4 5 0
100 3 5 0.001
1300 4 4 0.1
100 4 5 0.001
1300 4 5 0
100 2 4 0
1300 2 3 0.1
100 3 4 0.001
1300 4 3 0.01
700 4 4 0.1
1300 4 4 0.01
100 3 3 0
1300 3 3 0.001
100 4 5 0.001
700 2 3 0.1
700 4 4 0.01
1300 4 4 0.001
100 3 4 0.001
1300 2 5 0.1
100 2 5 0.01
1300 4 3 0
700 4 5 0
1300 4 5 0.001
100 3 3 0.01
1300 3 3 0.01
100 2 3 0.01
100 4 4 0
700 2 3 0.001
700 4 5 0.001
1300 4 5 0.01
700 3 5 0.01
1300 4 5 0.001
100 4 5 0
700 2 4 0.01
700 4 5 0.1
******* BEST PARAMS *******
{'Num home factors': 3, 'Learning Rate': 1, 'Iterations': 100, 'Num season factors': 3, 'Least Train Error': 10.371579054472113, 'Lambda': 0}
******* BEST PARAMS *******
--------------------------------------------------------------------------------
Progress: 90.0
2017-10-03 02:16:25.415994
--------------------------------------------------------------------------------
Test set [9499 9578 9609 9647 9654 9729 9773 9912 9922 9931 9932 9933 9971 9982]
--------------------------------------------------------------------------------
Current Error, Least Error, #Iterations
700 2 5 0.01
700 3 4 0.1
1300 4 4 0.1
100 3 5 0.1
1300 4 4 0.01
700 4 3 0.001
700 4 4 0
100 2 3 0.01
700 2 4 0
100 2 3 0.01
100 2 5 0.01
700 2 3 0
700 4 4 0
700 2 3 0.001
100 3 4 0.001
1300 2 4 0.01
700 3 5 0.001
100 4 4 0.001
1300 3 4 0.01
700 4 4 0.01
700 2 5 0.01
1300 3 5 0
1300 2 4 0.1
100 2 4 0
1300 3 4 0
1300 2 5 0.001
1300 2 5 0.01
700 4 5 0.001
700 2 5 0.001
700 3 4 0.01
1300 4 4 0.001
100 3 3 0.001
100 4 3 0.1
1300 2 3 0.1
700 3 5 0.001
100 2 4 0.01
100 4 4 0.01
1300 2 5 0.001
100 2 4 0.01
1300 3 5 0.01
1300 4 3 0.01
700 3 5 0.1
1300 3 4 0.001
100 2 3 0.1
100 2 5 0.01
700 2 3 0.001
700 4 3 0.01
100 4 3 0.01
1300 3 4 0.1
700 4 4 0.1
700 3 5 0.001
700 4 3 0
700 4 3 0.1
700 4 4 0.01
100 3 3 0.001
700 2 3 0.01
700 4 5 0
1300 3 3 0.001
700 3 4 0.01
700 3 4 0.1
100 3 5 0.001
1300 2 3 0
700 2 5 0.1
700 3 4 0.001
100 3 4 0
1300 4 3 0.01
100 4 5 0.01
700 3 4 0
100 2 3 0
1300 3 3 0
700 2 5 0
700 4 5 0.1
100 3 3 0.01
100 4 4 0
1300 2 3 0.01
700 2 4 0.001
100 2 5 0.001
1300 3 5 0.001
100 2 5 0.001
1300 2 3 0.01
1300 2 3 0
100 3 5 0.01
100 4 5 0.1
1300 4 3 0.1
700 3 5 0.1
1300 2 5 0
700 3 3 0.001
700 4 3 0.1
700 4 4 0.001
1300 3 5 0.01
100 3 4 0.01
1300 4 5 0.1
700 4 4 0.1
700 4 5 0.01
100 3 3 0.1
100 4 4 0.01
1300 4 5 0.1
1300 3 4 0.001
100 3 3 0.1
1300 4 4 0
1300 3 3 0.01
100 2 5 0.001
1300 4 3 0.001
700 4 3 0.01
100 4 5 0
1300 2 4 0.1
700 3 4 0
100 2 4 0.001
1300 2 3 0.1
1300 2 5 0.001
100 3 4 0
1300 3 5 0
1300 2 4 0.1
700 4 4 0.1
700 2 3 0.001
700 2 5 0.001
700 3 5 0.01
1300 2 5 0.01
100 2 5 0
1300 3 4 0.01
700 3 4 0.001
1300 4 3 0.1
100 3 3 0.01
1300 4 5 0.01
1300 3 5 0.1
700 4 5 0.01
100 4 3 0.001
1300 2 5 0.1
100 4 3 0.001
1300 2 3 0.01
700 3 5 0.01
1300 4 4 0.1
1300 4 4 0.01
100 3 3 0
1300 4 3 0.01
1300 3 4 0.1
700 3 3 0
700 4 3 0
100 4 5 0.1
700 3 3 0.1
100 2 5 0.1
100 4 4 0.001
1300 2 4 0.001
700 3 3 0
700 4 5 0
700 4 5 0.1
100 4 3 0
1300 4 3 0
100 3 4 0.001
1300 2 4 0
100 2 4 0.1
1300 3 4 0.1
100 4 5 0
1300 4 3 0.001
1300 3 3 0
700 3 3 0.001
100 2 3 0.1
1300 3 3 0.01
700 2 5 0.001
100 2 3 0.001
100 3 4 0.1
700 2 4 0.01
100 3 4 0.1
1300 4 5 0.001
700 2 3 0
700 3 5 0.1
100 3 3 0
100 3 5 0.01
700 2 5 0.01
100 4 3 0.01
1300 2 3 0.001
700 2 4 0.001
100 3 5 0.001
1300 2 4 0
1300 2 4 0.001
100 2 3 0.01
1300 2 5 0.1
1300 2 5 0.01
100 2 4 0.01
1300 3 4 0
700 4 3 0.001
1300 4 4 0.001
1300 2 3 0
100 3 5 0
700 2 4 0.1
700 4 5 0
1300 3 5 0.1
700 2 4 0.1
700 4 5 0.001
1300 4 5 0.1
100 4 5 0.001
700 2 4 0
100 3 5 0
700 2 5 0.1
700 3 5 0.01
1300 4 5 0
1300 2 4 0
100 3 3 0
1300 4 5 0.001
1300 3 5 0.001
700 3 5 0
100 4 3 0
1300 4 3 0
100 3 5 0.01
1300 3 4 0.001
100 2 3 0.1
100 4 5 0
700 2 3 0.01
700 2 5 0.1
100 3 3 0.001
1300 2 5 0
700 4 5 0.001
100 2 3 0
100 2 4 0.1
700 2 3 0.1
700 4 4 0
100 2 5 0
100 3 4 0.01
1300 2 5 0
100 3 4 0.001
1300 4 5 0
100 4 4 0.001
1300 4 5 0
100 2 4 0
1300 4 4 0.001
700 4 3 0.1
700 2 5 0
100 2 4 0
1300 3 3 0
100 2 4 0.001
1300 2 4 0.01
100 4 4 0
1300 4 4 0.1
100 4 5 0.01
1300 3 5 0.001
1300 4 3 0
700 2 4 0
100 2 4 0.001
1300 3 5 0.01
700 2 4 0.01
100 2 3 0
100 2 5 0.1
100 3 3 0.1
100 4 4 0.1
1300 4 4 0
100 4 4 0.1
700 2 4 0.1
100 4 3 0.1
1300 4 3 0.1
100 4 4 0.01
1300 3 5 0.1
100 4 3 0.1
1300 2 3 0.1
100 4 3 0.01
1300 3 3 0.1
100 3 4 0
700 2 3 0.1
700 3 4 0.001
100 3 5 0
700 2 3 0
100 2 5 0.1
1300 2 5 0.1
700 3 4 0.01
1300 3 3 0.01
700 4 3 0
1300 3 3 0.1
100 4 5 0.1
1300 3 3 0.001
700 3 5 0
700 4 3 0.001
100 4 3 0
700 2 5 0
100 2 5 0.01
100 4 5 0.01
700 2 3 0.1
100 2 3 0.001
100 3 3 0.01
1300 4 4 0.01
700 3 3 0.01
700 3 3 0.1
700 3 4 0
1300 3 5 0
100 2 3 0.001
1300 2 4 0.01
700 3 3 0.01
700 3 5 0
700 4 3 0.01
700 4 4 0.001
100 3 4 0.1
1300 2 3 0.001
100 4 5 0.001
700 3 3 0.01
700 4 4 0.001
700 3 3 0.001
100 4 3 0.001
1300 2 4 0.001
100 3 5 0.1
1300 4 5 0.001
1300 3 4 0.01
100 3 4 0.01
700 2 4 0.001
700 4 4 0.01
700 3 3 0
100 2 5 0
1300 4 3 0.001
100 4 4 0
1300 3 4 0
100 2 4 0.1
1300 3 3 0.1
700 4 5 0.01
700 2 4 0.01
100 3 5 0.1
1300 4 4 0
100 3 5 0.001
1300 4 5 0.01
1300 3 3 0.001
100 4 5 0.001
1300 4 5 0.01
1300 2 3 0.001
700 4 5 0.1
700 2 3 0.01
700 3 3 0.1
700 3 4 0.1
100 4 4 0.1
******* BEST PARAMS *******
{'Num home factors': 3, 'Learning Rate': 1, 'Iterations': 1300, 'Num season factors': 4, 'Least Train Error': 9.856561580926329, 'Lambda': 0.001}
******* BEST PARAMS *******
--------------------------------------------------------------------------------
Progress: 0.0
2017-10-03 02:34:36.795342
--------------------------------------------------------------------------------
Test set [ 26  59  94 101 121 135 222 252 364 370 410 545 624 661 871]
--------------------------------------------------------------------------------
Current Error, Least Error, #Iterations
1300 4 5 0.01
100 3 3 0.001
1300 3 3 0.01
100 2 4 0.001
100 3 5 0.01
1300 4 5 0.1
700 2 5 0
700 4 3 0.01
1300 4 4 0.01
100 3 3 0
100 4 4 0.1
1300 3 5 0.1
100 3 4 0.001
1300 3 4 0
100 3 3 0.1
1300 2 3 0
700 4 3 0
1300 4 4 0.1
700 4 3 0
700 2 5 0.01
700 4 3 0.001
100 3 5 0.1
1300 3 3 0.1
100 2 5 0.001
1300 4 3 0.01
100 2 5 0.01
1300 4 4 0
100 4 3 0.001
700 2 3 0.001
700 4 4 0.001
1300 4 5 0
1300 3 5 0
100 4 4 0.1
700 2 4 0.001
700 4 4 0.1
700 2 5 0
100 2 3 0
1300 3 5 0.1
700 3 3 0
700 3 3 0.01
700 3 4 0.01
100 4 5 0
700 2 4 0.01
700 4 3 0.1
700 2 5 0.01
100 2 3 0.01
1300 2 4 0
100 3 4 0.001
1300 4 4 0
100 2 4 0.1
1300 3 5 0.001
700 3 4 0.01
1300 3 5 0.001
100 3 5 0
1300 4 4 0.001
100 2 5 0.01
1300 4 3 0.1
100 2 3 0.1
700 2 5 0.001
700 3 3 0.1
100 4 5 0.001
700 2 3 0.1
100 2 3 0
1300 2 3 0.1
700 4 3 0.1
1300 4 5 0
100 3 3 0.01
1300 2 3 0.1
700 4 5 0
700 2 4 0.1
700 4 5 0
700 2 4 0.1
700 3 3 0.001
700 4 5 0.01
700 2 5 0.1
100 3 5 0.1
1300 4 5 0.001
1300 3 3 0.1
700 4 5 0
700 2 5 0.001
700 3 3 0
700 3 3 0.001
700 3 4 0.1
700 3 5 0.01
1300 3 4 0.01
100 2 3 0.001
1300 3 4 0.001
100 2 5 0.001
100 4 4 0.01
1300 2 5 0.1
100 3 4 0.1
700 2 3 0
700 4 4 0.001
100 4 3 0.01
1300 2 5 0.001
100 3 5 0.01
1300 4 5 0.01
100 4 3 0.01
1300 3 3 0.001
100 2 4 0
1300 2 5 0
700 4 4 0.001
1300 4 5 0
100 4 3 0.001
1300 3 3 0.1
100 2 4 0.01
1300 4 3 0.001
100 2 5 0.1
1300 3 3 0.001
700 3 5 0
1300 3 3 0.01
700 3 5 0.01
700 2 4 0.01
700 3 4 0.001
100 2 4 0
1300 2 4 0
700 2 5 0
700 4 4 0
100 4 5 0.01
700 2 4 0.001
100 2 4 0.001
1300 3 3 0.001
700 4 5 0.001
1300 4 5 0.1
1300 4 3 0.001
700 3 4 0.001
1300 4 5 0.001
700 4 4 0
700 2 3 0
100 2 4 0.01
1300 3 5 0
700 3 3 0.1
100 2 5 0
700 2 3 0.1
700 3 5 0
700 4 4 0.01
1300 4 3 0.01
100 3 3 0.001
1300 2 4 0.01
100 2 4 0.1
100 4 3 0.001
1300 4 3 0.1
700 4 4 0.1
1300 2 3 0.001
700 4 3 0.01
1300 2 3 0.01
700 4 3 0.001
1300 4 4 0.01
100 4 3 0
1300 2 5 0
100 2 3 0.1
100 3 5 0.001
700 2 3 0.001
700 3 5 0.001
1300 3 4 0.01
100 3 4 0.01
1300 4 4 0.1
100 3 3 0.1
100 4 5 0.001
1300 4 4 0.001
100 4 4 0.001
700 2 3 0
700 3 5 0.1
1300 3 4 0
100 3 4 0.001
1300 2 4 0.1
100 2 5 0.001
700 2 4 0.001
700 3 4 0.1
1300 3 4 0.01
100 4 5 0.1
1300 4 4 0.01
100 2 5 0.1
1300 2 4 0.1
100 2 4 0.001
1300 3 5 0.01
1300 2 4 0.001
700 2 5 0.001
100 3 3 0.1
100 4 5 0
1300 2 4 0.001
100 3 5 0.001
1300 2 5 0.01
700 4 5 0.001
700 3 3 0
700 4 5 0.001
100 4 5 0.001
1300 2 3 0.1
100 2 3 0.1
100 4 4 0.001
700 2 4 0.1
100 4 3 0.1
1300 3 4 0
100 3 5 0
1300 4 3 0.01
700 4 5 0.1
700 3 3 0.01
700 3 4 0
100 4 4 0.01
700 2 4 0
700 4 4 0
1300 4 5 0.1
100 3 4 0.1
1300 2 3 0.01
700 4 4 0.01
100 4 4 0
1300 4 4 0
700 2 5 0.1
100 4 3 0.1
1300 2 5 0.1
100 4 3 0.1
1300 4 5 0.001
1300 4 3 0
100 3 4 0.01
1300 4 3 0
100 2 5 0
1300 4 3 0
100 2 3 0.001
100 3 4 0.01
1300 2 5 0
700 4 3 0.01
1300 3 3 0
100 2 4 0.01
1300 3 5 0.001
1300 2 5 0.1
100 3 4 0
100 4 5 0.01
1300 2 3 0.01
100 2 3 0.01
100 4 4 0
1300 3 4 0.001
100 4 4 0.001
700 2 3 0.1
700 3 5 0
100 3 3 0.01
100 4 4 0
1300 3 4 0.1
100 3 3 0
1300 4 3 0.1
100 2 5 0
1300 2 3 0
700 4 4 0.1
100 4 5 0.1
700 2 3 0.01
700 3 5 0.01
1300 3 4 0.1
100 3 4 0
1300 2 3 0.001
700 3 4 0.1
100 3 5 0.01
1300 4 4 0.001
100 4 5 0.1
700 2 5 0.01
700 3 3 0.1
700 3 4 0.01
700 3 5 0.001
1300 3 4 0.001
100 3 4 0.1
1300 3 3 0.01
100 2 4 0.1
1300 2 4 0.1
100 3 3 0.01
1300 3 4 0.1
100 3 5 0.001
1300 3 5 0.01
100 3 4 0
1300 2 4 0.01
100 2 3 0.01
100 3 5 0
1300 4 5 0.01
100 3 5 0.1
1300 2 5 0.01
100 4 5 0.01
700 2 4 0
700 3 5 0.1
100 2 5 0.1
100 4 3 0
1300 2 4 0
100 3 3 0.001
100 4 3 0
700 2 5 0.1
700 3 4 0
100 4 3 0.01
700 2 3 0.01
700 4 3 0.001
100 4 5 0
700 2 4 0.01
700 4 4 0.01
1300 4 4 0.1
100 2 3 0
1300 3 3 0
700 4 5 0.1
700 2 3 0.01
700 4 5 0.01
1300 2 3 0
100 2 3 0.001
1300 2 5 0.001
700 3 4 0.001
1300 2 5 0.01
700 4 5 0.1
700 2 4 0
700 3 5 0.001
1300 3 5 0
100 2 4 0
1300 3 5 0.01
100 4 4 0.01
******* BEST PARAMS *******
{'Num home factors': 5, 'Learning Rate': 1, 'Iterations': 1300, 'Num season factors': 4, 'Least Train Error': 10.299125469890043, 'Lambda': 0.001}
******* BEST PARAMS *******
--------------------------------------------------------------------------------
Progress: 10.0
2017-10-03 02:51:50.386821
--------------------------------------------------------------------------------
Test set [ 936  946 1169 1283 1310 1334 1415 1463 1500 1642 1697 1700 1790 1796 1800]
--------------------------------------------------------------------------------
Current Error, Least Error, #Iterations
1300 2 5 0.01
1300 2 5 0.01
700 2 4 0.1
700 4 3 0
700 4 4 0.001
1300 2 3 0.001
700 2 5 0.001
100 2 4 0.01
100 3 5 0
1300 4 4 0
100 3 5 0.01
700 2 5 0.01
100 3 3 0.1
100 3 5 0.1
700 2 5 0
1300 2 5 0
1300 2 3 0.001
100 4 5 0
1300 4 4 0.1
700 3 4 0.001
100 2 4 0
100 3 4 0.01
1300 4 4 0.001
100 3 4 0.01
700 2 3 0
100 3 4 0.1
1300 4 4 0.001
1300 2 4 0
100 4 4 0.01
700 2 5 0.001
1300 2 4 0.001
100 2 3 0
1300 4 3 0.1
100 2 4 0
1300 3 5 0.1
700 3 4 0
700 4 5 0
700 2 3 0.01
700 3 4 0.01
100 3 3 0.01
100 4 3 0.001
1300 2 3 0
100 2 4 0.1
1300 4 3 0.01
1300 2 3 0.01
1300 3 4 0.1
700 4 5 0
1300 3 3 0.1
700 2 3 0.1
100 4 3 0.001
700 2 4 0.1
100 3 3 0.001
100 3 5 0.1
1300 4 5 0.1
700 3 4 0.1
700 4 5 0.1
700 2 4 0.01
700 4 4 0.1
700 2 5 0.01
100 4 3 0.1
1300 2 4 0.1
100 4 5 0.01
1300 3 3 0.001
1300 4 4 0.1
1300 2 3 0
700 2 5 0.1
1300 2 3 0.001
100 2 3 0.001
1300 2 3 0.01
1300 2 5 0
700 2 3 0.001
700 3 5 0.1
100 2 4 0.001
100 3 3 0.01
100 4 4 0.001
1300 3 4 0.1
700 3 3 0.1
700 3 5 0.1
1300 4 3 0.001
700 3 5 0.1
1300 2 5 0.001
100 2 5 0.1
100 4 3 0.1
1300 3 3 0.01
1300 4 5 0.001
100 3 5 0
100 4 5 0.01
700 2 4 0
100 2 3 0.001
1300 4 5 0.01
100 2 3 0
100 2 5 0.001
100 4 4 0.1
700 3 3 0
700 4 3 0.001
700 4 5 0.01
1300 2 5 0.1
700 2 4 0.01
700 4 3 0.001
700 3 3 0.001
100 2 3 0.001
100 2 4 0.001
100 3 5 0.001
1300 2 4 0.01
1300 4 5 0.001
100 2 5 0
1300 4 4 0.001
1300 4 3 0.1
700 3 4 0
100 2 5 0.001
100 4 4 0.1
700 2 4 0.001
700 4 3 0.01
1300 3 5 0
100 4 3 0.1
1300 4 4 0
700 3 5 0.001
100 2 4 0.001
1300 4 3 0.01
100 2 4 0.01
1300 4 3 0.001
700 2 3 0.1
100 4 3 0
1300 4 4 0.1
1300 2 4 0
1300 3 4 0.01
1300 4 3 0
100 3 4 0.001
1300 2 5 0
700 4 5 0.1
100 2 5 0.01
1300 2 4 0.1
1300 2 3 0.01
100 3 5 0.1
700 2 5 0.1
100 4 4 0.01
1300 4 5 0
700 3 4 0.1
1300 3 5 0.001
100 2 3 0.1
1300 2 5 0.1
1300 3 5 0
1300 3 3 0.001
100 3 3 0
100 4 3 0.01
1300 3 5 0.01
1300 3 4 0.001
1300 3 4 0.01
1300 3 3 0
1300 4 5 0
700 3 5 0
700 4 3 0.1
700 4 5 0.001
1300 2 5 0.01
100 2 5 0
100 3 4 0.1
700 2 4 0
700 3 5 0
1300 4 3 0
100 3 5 0.01
1300 3 5 0.1
700 3 3 0.01
700 4 3 0.001
700 4 4 0.001
1300 3 3 0.01
100 4 3 0.001
1300 4 3 0.1
1300 3 5 0.01
100 3 3 0
100 3 5 0.001
1300 4 4 0.01
100 2 3 0.01
100 3 3 0.001
100 4 5 0.001
700 3 3 0.01
700 3 4 0.1
700 4 3 0.01
700 4 4 0
1300 3 5 0.001
700 4 4 0.01
1300 2 4 0.001
1300 2 3 0
100 2 5 0.1
100 3 4 0.01
100 4 4 0
700 3 3 0
700 3 5 0
100 3 4 0
1300 3 5 0.01
100 3 5 0.001
700 2 5 0
700 3 5 0.001
1300 4 5 0.001
100 2 3 0.01
1300 3 5 0
100 2 5 0.01
1300 4 4 0
1300 4 4 0.01
100 2 3 0.1
700 2 5 0.001
700 4 4 0
1300 3 4 0.001
1300 3 3 0
700 4 3 0
700 4 3 0.01
700 4 5 0
1300 3 4 0
100 4 5 0
1300 4 5 0.01
700 3 5 0.01
700 4 4 0.01
100 2 3 0
100 2 3 0.1
100 2 4 0.1
100 3 3 0.01
100 3 4 0.001
1300 2 4 0
100 2 5 0.01
1300 3 3 0.1
100 3 4 0.1
1300 3 4 0
100 2 5 0.001
1300 3 4 0.1
700 2 5 0.01
700 4 4 0.01
100 3 4 0
1300 3 5 0.001
1300 4 5 0.1
100 4 5 0.001
1300 2 5 0.1
1300 2 4 0.1
100 4 5 0.1
1300 4 5 0.01

100 4 5 0.001
700 3 3 0.1
100 2 5 0.1
1300 3 5 0.1
100 4 4 0
700 2 3 0.01
100 4 3 0
700 2 4 0.01
100 4 5 0.1
700 2 4 0.1
700 4 4 0.1
700 3 4 0.01
100 2 3 0.01
100 2 4 0.01
100 3 3 0.001
100 3 4 0
1300 4 3 0
100 3 3 0.1
100 4 3 0.01
100 4 5 0
700 2 5 0
700 4 4 0.001
700 2 3 0.001
100 4 4 0.001
700 2 3 0
100 3 5 0.01
700 2 5 0.1
700 4 3 0.1
100 4 3 0
1300 4 4 0.01
700 3 3 0.001
700 3 5 0.01
700 4 3 0.1
700 4 4 0
700 4 4 0.1
700 2 3 0.01
700 3 5 0.001
700 4 3 0
700 2 4 0
1300 2 5 0.001
100 3 4 0.001
100 4 4 0
1300 4 3 0.001
100 3 5 0
1300 4 5 0.1
100 2 4 0
100 2 5 0
1300 3 4 0
100 4 5 0.01
1300 2 4 0.01
1300 2 3 0.1
1300 2 3 0.1
100 4 4 0.001
1300 3 3 0
100 3 3 0.1
1300 2 5 0.001
100 3 3 0
100 4 4 0.1
1300 4 3 0.01
100 4 4 0.01
1300 2 3 0.1
700 3 3 0.001
700 3 3 0.01
700 3 4 0
700 3 4 0.01
100 4 5 0.1
1300 3 4 0.01
1300 3 3 0.001
700 2 4 0.001
700 4 5 0.1
1300 3 4 0.001
1300 2 4 0.01
1300 3 3 0.1
700 4 5 0.001
1300 4 5 0
1300 2 4 0.001
1300 3 3 0.01
700 4 5 0.01
******* BEST PARAMS *******
{'Num home factors': 3, 'Learning Rate': 1, 'Iterations': 1300, 'Num season factors': 4, 'Least Train Error': 10.2461308568729, 'Lambda': 0.001}
******* BEST PARAMS *******
--------------------------------------------------------------------------------
Progress: 20.0
2017-10-03 03:09:15.069649
--------------------------------------------------------------------------------
Test set [1953 2129 2156 2233 2242 2365 2378 2470 2557 2814 2859 2925 2953 2986]
--------------------------------------------------------------------------------
Current Error, Least Error, #Iterations
700 2 3 0.1
700 3 4 0.001
100 2 4 0.01
1300 2 3 0
700 4 5 0.001
700 3 3 0
1300 4 4 0.1
100 2 4 0.1
1300 3 4 0.001
100 3 3 0
1300 2 3 0.1
700 3 4 0.01
1300 2 3 0.1
100 3 3 0.01
1300 4 3 0
100 4 3 0.01
1300 4 5 0.001
700 3 5 0.01
100 3 5 0.001
1300 3 3 0.01
100 2 5 0.01
1300 4 4 0.001
1300 3 3 0.01
700 4 3 0.1
100 4 3 0.001
1300 4 3 0.001
100 2 3 0.01
100 3 4 0.01
1300 3 4 0.01
100 2 4 0.001
1300 2 4 0.001
100 2 5 0.01
1300 3 3 0.001
100 3 4 0.1
1300 4 3 0.001
1300 2 4 0.01
700 3 5 0.001
100 4 3 0
700 2 5 0.001
700 4 5 0.01
700 2 4 0.001
100 3 5 0.1
1300 4 5 0
100 4 3 0.1
700 2 4 0.001
700 4 5 0.1
1300 4 4 0.01
1300 3 5 0.1
700 2 3 0
700 4 3 0.01
700 4 3 0.1
700 4 4 0
1300 3 5 0.1
1300 3 4 0.1
100 2 3 0.01
100 3 4 0.01
700 2 5 0.01
700 3 4 0.01
1300 2 3 0.01
100 2 4 0
100 4 4 0.001
1300 3 3 0
700 3 5 0.1
100 4 3 0.01
1300 2 3 0.01
100 3 5 0
1300 4 4 0.1
700 3 3 0.1
700 3 5 0.1
1300 2 3 0.01
100 2 3 0
100 4 5 0
1300 4 4 0.001
700 3 5 0
1300 2 4 0.01
100 2 3 0.01
100 4 5 0
700 2 4 0.001
100 2 3 0.001
1300 3 3 0.1
100 3 3 0
1300 3 4 0
700 4 5 0
1300 4 4 0.001
100 2 4 0.01
1300 2 5 0.001
1300 2 5 0.1
100 4 4 0
700 2 5 0
100 2 4 0.1
100 4 4 0.001
1300 3 5 0.001
100 4 4 0
1300 4 4 0
1300 4 4 0.1
1300 2 5 0
100 3 5 0.1
1300 4 5 0.001
700 4 5 0.1
1300 4 5 0.01
1300 3 4 0.1
1300 2 4 0.001
700 3 5 0.001
100 3 3 0.1
1300 2 5 0.1
100 2 3 0.1
1300 4 3 0
700 3 5 0.1
100 2 3 0.1
100 4 3 0.1
1300 4 3 0.1
100 4 3 0.001
1300 4 5 0.1
1300 2 5 0.1
100 4 3 0.001
1300 3 5 0
100 4 5 0.001
1300 4 4 0.01
700 3 4 0.1
700 2 4 0.1
700 4 4 0.001
1300 4 3 0.01
100 2 4 0.01
1300 2 3 0
100 2 4 0
1300 2 3 0.001
100 2 5 0
1300 3 3 0.01
700 3 4 0.001
700 4 4 0.01
700 2 5 0.01
100 2 5 0
1300 4 4 0
700 3 3 0.01
700 3 4 0
100 3 5 0.01
1300 4 5 0.01
1300 4 4 0
700 4 3 0.001
1300 2 4 0
700 4 3 0
700 4 3 0.001
100 3 5 0.001
700 2 4 0.1
100 3 3 0.001
1300 2 4 0.1
700 3 3 0.01
700 3 4 0
700 4 5 0.001
1300 2 4 0.1
100 2 3 0
100 4 5 0.01
700 2 5 0.001
700 4 3 0.001
100 4 4 0.01
700 2 3 0
700 3 3 0.1
100 2 5 0.001
100 4 4 0
700 2 5 0.1
700 3 3 0
700 3 3 0.001
700 3 3 0.1
700 3 4 0.1
1300 2 5 0.001
700 3 3 0.001
700 3 3 0.01
700 4 3 0
1300 3 4 0
100 3 3 0.001
1300 3 5 0.1
1300 2 4 0
100 3 3 0.01
1300 4 3 0.001
100 3 4 0.001
1300 2 3 0
100 3 4 0.001
1300 3 4 0.1
100 3 5 0
1300 3 5 0
700 4 5 0
700 2 5 0
700 4 5 0
100 2 4 0
100 4 4 0.001
1300 4 5 0.1
700 4 4 0.001
1300 2 3 0.001
100 3 4 0.1
1300 4 5 0.1
100 4 5 0.001
700 2 5 0.01
700 3 4 0.1
100 4 3 0
1300 3 5 0.001
700 4 4 0
700 2 4 0
700 4 4 0.1
700 2 3 0.01
100 2 3 0.001
100 4 4 0.1
700 2 3 0.01
700 4 3 0.01
100 4 5 0.1
700 2 4 0.01
700 4 4 0.01
1300 3 3 0
700 4 3 0.01
700 4 4 0
700 2 3 0.1
700 4 5 0.1
1300 3 3 0
100 3 3 0.1
700 2 3 0.001
100 2 3 0.1
1300 4 3 0
100 2 4 0.001
100 3 5 0.1
1300 3 5 0.01
100 2 5 0.001
1300 3 5 0.001
100 3 5 0.001
1300 4 3 0.1
700 4 5 0.01
1300 3 4 0.001
1300 2 5 0.01
100 4 5 0.01
700 2 5 0.1
100 3 5 0
1300 3 5 0
100 2 5 0.1
1300 3 5 0.01
700 4 4 0.1
700 2 3 0.001
700 4 4 0.1
700 2 3 0.001
700 3 5 0.001
1300 3 3 0.001
700 3 3 0
700 3 4 0.01
700 3 5 0.01
1300 2 4 0
100 4 5 0.01
1300 4 4 0.01
700 4 5 0.001
100 2 3 0.001
100 4 3 0.01
700 2 4 0.01
100 3 4 0.001
1300 3 3 0.1
700 4 4 0.001
1300 4 3 0.1
100 3 3 0.001
1300 3 3 0.1
100 2 3 0
100 4 3 0.1
1300 3 3 0.001
700 4 3 0
1300 4 5 0.01
100 4 4 0.1
700 2 3 0.1
100 2 5 0.001
1300 3 5 0.01
100 3 5 0.01
1300 3 4 0
1300 2 3 0.001
700 4 5 0.01
700 2 4 0.1
100 2 5 0.1
100 4 4 0.1
1300 4 3 0.01
100 3 4 0
1300 4 5 0
100 2 4 0.1
1300 4 3 0.01
100 3 3 0
100 4 5 0.001
1300 2 4 0.01
100 4 4 0.01
700 2 3 0
700 3 4 0
700 4 3 0.1
100 2 5 0.01
1300 2 5 0
700 3 4 0.001
100 3 3 0.01
1300 2 4 0.001
1300 2 3 0.1
100 3 5 0.01
1300 2 5 0.01
700 2 5 0.001
100 3 4 0
1300 2 5 0.01
100 2 4 0.001
1300 2 5 0
100 2 5 0.1
1300 2 5 0.001
100 4 4 0.01
1300 4 5 0.001
100 4 5 0
700 2 5 0.1
700 3 5 0
100 3 4 0.1
700 2 4 0
700 4 4 0.01
******* BEST PARAMS *******
{'Num home factors': 5, 'Learning Rate': 1, 'Iterations': 1300, 'Num season factors': 4, 'Least Train Error': 9.826912314157951, 'Lambda': 0}
******* BEST PARAMS *******
--------------------------------------------------------------------------------
Progress: 30.0
2017-10-03 03:26:04.203553
--------------------------------------------------------------------------------
Test set [3009 3036 3224 3299 3367 3443 3456 3482 3506 3577 3649 3652 3723 3736]
--------------------------------------------------------------------------------
Current Error, Least Error, #Iterations
1300 2 5 0.01
100 3 3 0
1300 3 3 0.001
700 2 5 0.01
1300 3 4 0.1
100 2 3 0.01
100 2 4 0.001
100 2 4 0.1
100 2 5 0
1300 3 3 0.01
100 3 4 0.001
1300 3 4 0
1300 4 3 0.1
700 3 4 0.01
1300 2 5 0.001
700 4 5 0.001
100 4 5 0.001
1300 4 4 0.01
100 2 4 0
100 2 5 0
100 2 5 0.1
1300 3 4 0.001
700 2 4 0.1
700 4 3 0.001
100 2 3 0.001
1300 4 4 0
100 3 3 0.1
1300 2 5 0.01
1300 4 5 0.001
100 4 5 0.1
1300 4 4 0.1
700 4 3 0
100 3 4 0
1300 3 5 0
1300 2 4 0.1
100 2 4 0
100 3 5 0.1
1300 3 4 0.01
1300 4 3 0.001
1300 2 4 0.01
1300 2 4 0
100 4 5 0
700 2 4 0.001
1300 3 3 0
100 3 4 0
1300 3 4 0.001
700 3 4 0.001
100 3 3 0.01
1300 2 3 0.1
700 2 3 0.01
700 2 4 0.1
1300 4 3 0
100 2 4 0.1
700 2 3 0.001
100 4 4 0.001
700 3 3 0.001
100 2 5 0.01
100 3 3 0.01
1300 4 3 0.01
100 2 5 0.1
1300 3 3 0.01
100 3 3 0
100 3 4 0.001
100 3 5 0
100 3 5 0.01
1300 4 4 0.01
100 3 4 0
1300 3 3 0.1
700 4 3 0.1
100 4 4 0
1300 4 3 0.01
700 2 4 0
100 4 5 0
1300 2 5 0.1
100 2 3 0.01
1300 4 5 0.001
700 3 4 0.01
700 4 4 0.1
700 2 5 0
1300 3 5 0.001
100 4 5 0.01
1300 4 5 0.01
100 2 3 0
100 2 4 0.1
100 2 5 0.01
100 3 3 0.001
100 4 5 0.1
1300 2 5 0.001
100 3 5 0
1300 4 3 0.1
100 2 5 0.01
1300 3 3 0
700 3 3 0.01
700 4 5 0.1
700 3 4 0
100 2 3 0
100 2 3 0.001
100 2 3 0.1
100 4 3 0
700 2 3 0.1
700 3 3 0.001
100 2 3 0
1300 3 5 0.001
100 4 4 0.01
700 2 5 0.01
1300 3 4 0.1
1300 2 3 0.1
700 2 4 0.01
1300 2 3 0
100 3 3 0.001
100 3 3 0.1
100 4 5 0.001
1300 4 4 0.01
1300 2 4 0.1
1300 3 3 0.01
700 4 5 0.1
100 2 4 0.01
700 2 5 0
700 3 3 0
700 3 3 0.01
700 3 3 0.1
700 3 4 0
700 3 4 0.001
100 2 4 0.001
100 3 5 0.01
700 2 3 0
1300 2 4 0.01
700 3 3 0.1
1300 3 5 0.01
100 4 3 0
1300 4 5 0.1
700 3 4 0.001
1300 2 3 0.01
100 3 4 0.01
1300 3 3 0.1
700 4 4 0.001
700 2 5 0.1
1300 4 4 0.1
1300 2 4 0.001
700 3 5 0.001
1300 2 4 0.001
700 4 5 0.001
1300 2 3 0.1
100 2 4 0.01
700 2 3 0.1
1300 2 4 0
100 3 5 0.01
1300 3 4 0.01
100 4 3 0.1
1300 4 4 0.001
1300 4 5 0.001
100 3 5 0.001
1300 2 3 0
100 3 5 0
1300 4 3 0.001
700 3 5 0
1300 2 5 0.1
100 2 5 0.001
100 3 4 0.01
700 2 5 0.01
700 4 3 0
100 2 3 0.1
100 3 3 0.01
1300 3 5 0.01
100 3 4 0.01
1300 3 5 0.001
100 2 5 0.1
100 3 4 0.1
1300 3 4 0.001
1300 2 3 0.001
1300 2 3 0.01
1300 4 5 0.01
100 4 3 0.01
1300 2 3 0.001
700 3 5 0.001
100 3 4 0.1
700 2 5 0
100 2 3 0.001
100 2 4 0.01
100 4 5 0.001
700 2 4 0.01
100 3 4 0.001
1300 3 5 0
100 4 4 0.01
700 2 3 0.01
100 4 3 0.1
100 4 4 0.1
1300 3 3 0.1
700 2 5 0.001
700 4 3 0.01
100 2 5 0
700 2 4 0.001
700 3 3 0
700 4 4 0
1300 4 4 0.001
700 4 4 0.01
1300 3 5 0.1
1300 2 5 0.001
1300 4 3 0
100 2 4 0
100 3 5 0.1
700 2 3 0
700 3 5 0.01
700 2 4 0
700 3 3 0.001
700 4 3 0.1
700 4 5 0
100 3 5 0.1
100 4 3 0.01
100 4 5 0.01
1300 3 3 0.001
700 3 5 0
100 4 4 0.1
1300 4 3 0.001
100 4 3 0.01
1300 3 4 0.1
1300 4 5 0.1
700 4 3 0.001
700 4 4 0.001
700 2 5 0.1
700 3 4 0.01
100 4 3 0.001
1300 4 5 0
1300 2 5 0
700 4 3 0.01
700 4 3 0.1
100 4 4 0
1300 4 4 0.001
100 4 4 0.001
1300 4 3 0
100 4 3 0
100 4 3 0.001
100 4 4 0
700 2 3 0.001
100 4 3 0.001
1300 3 4 0
1300 2 4 0.01
1300 3 4 0
700 3 3 0
700 3 5 0.01
700 4 4 0
1300 4 5 0.01
700 4 5 0
1300 2 3 0
700 4 3 0.001
100 2 3 0.01
100 2 5 0.001
1300 2 3 0.001
1300 4 4 0.1
1300 2 4 0
700 4 4 0.01
700 3 4 0
700 4 4 0.01
100 2 4 0.001
100 3 5 0.001
1300 4 4 0
1300 3 3 0.001
100 4 4 0.1
700 2 5 0.001
700 3 5 0.1
1300 3 3 0
100 4 5 0.01
1300 4 5 0
100 2 5 0.001
1300 2 5 0
1300 3 4 0.01
100 4 4 0.001
700 2 3 0.001
700 3 5 0
700 4 5 0.1
700 4 3 0.01
100 2 3 0.1
100 3 4 0.1
1300 3 5 0.01
700 2 4 0
700 4 4 0
1300 3 5 0
700 2 5 0.001
700 4 5 0
1300 4 5 0.1
1300 2 3 0.01
700 3 3 0.1
1300 3 5 0.1
1300 4 4 0
1300 2 5 0.01
700 4 5 0.01
700 3 3 0.01
100 3 3 0
100 4 3 0.1
700 2 4 0.001
700 4 4 0.1
100 3 3 0.1
1300 4 3 0.1
700 4 5 0.001
700 2 3 0.1
700 3 4 0.1
100 4 4 0.01
700 2 4 0.01
700 4 4 0.001
700 2 5 0.1
700 3 5 0.01
700 2 3 0
700 3 5 0.1
700 4 5 0.01
1300 2 4 0.001
700 4 5 0.01
100 3 5 0.001
1300 3 5 0.1
700 3 4 0.1
1300 4 3 0.01
700 4 3 0
700 4 4 0.1
100 4 5 0.1
1300 2 5 0
100 3 3 0.001
1300 2 5 0.1
1300 4 5 0
******* BEST PARAMS *******
{'Num home factors': 5, 'Learning Rate': 0.5, 'Iterations': 700, 'Num season factors': 4, 'Least Train Error': 10.16476701635304, 'Lambda': 0.001}
******* BEST PARAMS *******
--------------------------------------------------------------------------------
Progress: 40.0
2017-10-03 03:43:05.944701
--------------------------------------------------------------------------------
Test set [3778 3829 3893 3967 4000 4031 4213 4297 4298 4342 4505 4732 4767 4874]
--------------------------------------------------------------------------------
Current Error, Least Error, #Iterations
700 2 5 0.001
100 2 3 0.001
100 4 4 0.001
1300 4 5 0.001
1300 3 5 0
1300 4 4 0
100 3 5 0.1
700 2 3 0.01
700 4 5 0
1300 4 3 0.001
700 4 5 0.01
1300 2 3 0.1
100 2 3 0
1300 2 3 0.01
100 3 5 0
700 2 4 0.001
700 4 3 0.001
1300 2 4 0.001
100 4 5 0
700 2 4 0.001
700 3 4 0
1300 2 4 0.001
700 2 5 0.001
100 2 3 0.1
1300 2 3 0.01
100 3 5 0.001
1300 3 5 0.1
700 3 3 0
700 3 5 0
700 4 3 0
700 4 3 0.1
100 2 5 0.1
1300 2 3 0
700 4 4 0.1
700 2 4 0.1
700 4 3 0.001
700 4 5 0
700 3 3 0.1
700 3 4 0.01
100 4 3 0.1
700 2 5 0.01
700 4 4 0
1300 4 5 0.001
1300 2 5 0
700 3 3 0.01
700 3 5 0.001
1300 2 4 0.1
100 3 4 0.001
1300 4 4 0.001
1300 2 4 0
100 4 5 0.001
1300 4 5 0.001
700 2 3 0.1
700 4 3 0.01
100 2 4 0
100 3 5 0
700 2 3 0
100 3 3 0
1300 3 5 0.1
700 4 3 0.01
1300 3 3 0.01
100 3 4 0
1300 3 4 0
100 2 4 0
100 4 5 0.01
700 2 3 0
700 4 3 0.1
1300 2 3 0
100 2 3 0.1
100 2 4 0.1
100 4 5 0.001
700 2 4 0.1
100 4 5 0.1
1300 4 4 0.1
700 3 4 0.1
100 2 5 0
700 2 3 0.01
700 4 3 0.1
1300 2 5 0.001
700 4 4 0.01
100 4 3 0.01
700 2 4 0.1
100 3 3 0
1300 2 5 0.01
100 3 3 0
1300 3 3 0.001
100 2 3 0.1
100 3 5 0.01
1300 4 4 0.01
100 2 5 0.1
1300 4 3 0.1
100 2 4 0.01
1300 2 5 0.01
100 2 4 0.001
100 4 4 0.001
700 2 5 0
100 2 4 0.01
1300 2 5 0
700 4 4 0.01
1300 4 4 0
1300 2 4 0.01
100 3 3 0.001
1300 2 5 0.001
100 3 3 0.001
1300 2 4 0.1
700 4 4 0.001
1300 4 3 0
100 4 4 0
700 2 3 0
700 3 3 0
700 4 4 0.1
1300 4 5 0.1
100 3 3 0.001
100 4 4 0.1
700 2 3 0.001
100 2 4 0.1
1300 2 3 0.001
700 3 3 0.1
700 3 5 0
700 4 5 0.1
700 2 5 0.01
100 2 5 0.01
1300 3 5 0.001
100 3 3 0.1
1300 3 3 0.1
100 3 3 0.1
1300 3 5 0.01
100 2 5 0
1300 3 3 0.01
100 3 3 0.01
1300 4 3 0.01
100 2 5 0.1
1300 3 5 0.001
100 3 3 0.01
1300 2 5 0
100 3 5 0.01
1300 4 4 0.01
1300 2 3 0.001
100 2 4 0.1
1300 2 3 0.1
700 4 5 0.001
1300 3 4 0
700 3 4 0.1
100 3 4 0.001
1300 4 3 0.1
1300 2 5 0.01
700 3 5 0.01
1300 2 5 0.1
100 2 3 0.01
100 2 5 0.001
1300 3 5 0
700 4 5 0.01
700 2 4 0.01
100 2 5 0.01
700 2 5 0.1
700 4 3 0
700 4 4 0.001
1300 4 5 0
700 3 5 0.1
100 4 3 0
700 3 3 0
100 2 5 0.001
700 2 5 0.01
700 3 3 0.01
700 3 4 0
100 3 5 0.01
1300 4 5 0.01
100 4 3 0.001
1300 4 3 0.1
700 3 3 0.1
700 3 5 0.001
100 4 3 0.001
1300 2 4 0
100 4 4 0.01
700 2 3 0.001
100 2 3 0.01
1300 2 5 0.1
100 3 4 0
1300 3 4 0.01
1300 2 4 0.001
700 3 3 0.001
700 4 3 0.001
700 4 4 0
700 2 3 0.01
100 2 4 0
100 4 5 0.1
700 2 5 0
700 3 4 0.001
100 3 3 0.01
1300 4 3 0
1300 2 4 0
100 3 5 0.001
1300 4 5 0
1300 3 4 0.001
100 2 3 0
100 2 5 0.001
1300 3 4 0
700 3 3 0.01
700 3 4 0.01
100 3 4 0.1
1300 3 4 0.1
100 4 4 0.1
700 2 4 0
100 4 5 0
1300 4 4 0
700 4 3 0
1300 3 5 0.1
100 2 4 0.001
1300 2 5 0.1
100 3 4 0.01
1300 4 5 0.01
100 3 5 0
1300 3 3 0.001
100 4 3 0.01
1300 4 3 0.01
700 4 5 0.001
700 2 5 0.1
100 3 4 0.01
700 2 4 0.01
700 3 5 0.01
700 4 4 0
100 4 5 0.1
700 2 5 0.1
700 3 4 0.001
1300 2 3 0.01
700 4 5 0
1300 3 5 0.01
1300 3 3 0
100 2 4 0.01
1300 3 4 0.1
100 4 3 0
700 2 4 0.001
700 4 5 0.001
1300 4 4 0.1
1300 3 3 0
100 2 3 0.001
100 3 5 0.1
700 2 4 0
700 4 5 0.01
1300 4 4 0.001
1300 3 3 0.001
700 2 4 0
700 4 4 0.01
1300 3 5 0
100 4 4 0
700 2 4 0.01
100 3 5 0.1
700 3 3 0.001
100 2 3 0.01
100 4 5 0.001
1300 4 5 0.01
100 4 5 0.01
700 2 5 0
700 3 5 0.01
700 4 3 0.01
700 4 4 0.1
100 4 4 0.01
700 2 3 0.1
700 3 4 0.001
100 2 4 0.001
100 4 4 0.001
1300 3 3 0
100 4 3 0
1300 4 3 0.001
1300 3 3 0.1
700 3 4 0
700 3 5 0
100 4 3 0.1
1300 4 4 0.1
100 2 5 0.01
1300 2 3 0.1
100 3 4 0
1300 3 4 0.01
100 4 4 0.01
1300 4 5 0.1
1300 2 4 0.01
700 3 4 0.1
1300 2 3 0.001
700 4 4 0.001
1300 3 4 0.001
100 4 3 0.001
1300 4 4 0.01
100 3 3 0.1
1300 3 4 0.001
100 4 3 0.01
1300 4 3 0
100 4 3 0.1
700 2 3 0.1
100 3 4 0.1
1300 4 5 0.1
100 4 4 0.1
1300 2 4 0.01
100 3 4 0.1
1300 3 3 0.1
700 2 5 0.001
100 2 3 0.001
100 3 4 0.001
1300 3 5 0.01
100 2 3 0
100 4 5 0
1300 4 3 0.001
700 3 5 0.1
1300 3 4 0.1
100 3 5 0.001
1300 4 4 0.001
100 4 5 0.01
700 2 3 0.001
700 3 3 0.001
700 3 4 0.01
700 3 5 0.001
100 2 5 0
1300 3 3 0.01
100 4 4 0
1300 4 3 0.01
700 4 5 0.1
******* BEST PARAMS *******
{'Num home factors': 4, 'Learning Rate': 1, 'Iterations': 1300, 'Num season factors': 4, 'Least Train Error': 11.06155985814598, 'Lambda': 0.001}
******* BEST PARAMS *******
--------------------------------------------------------------------------------
Progress: 50.0
2017-10-03 04:00:54.717996
--------------------------------------------------------------------------------
Test set [4922 4946 4957 4998 5026 5109 5209 5218 5357 5371 5439 5673 5677 5746]
--------------------------------------------------------------------------------
Current Error, Least Error, #Iterations
1300 2 3 0.001
700 4 4 0.1
1300 2 3 0.001
700 4 5 0.01
700 2 5 0
700 3 4 0.001
700 2 5 0.01
700 3 4 0
700 4 3 0
700 4 3 0.01
700 4 4 0
100 3 5 0.1
700 2 5 0
700 4 4 0.01
100 3 4 0
1300 2 4 0.01
700 3 3 0.1
700 3 5 0.001
100 2 3 0.1
1300 2 5 0.1
1300 2 4 0.01
100 4 4 0.01
1300 4 5 0.1
1300 4 5 0.001
100 4 4 0.001
700 3 4 0
700 4 5 0.001
700 3 3 0.01
100 3 3 0
1300 4 3 0.001
700 3 3 0.001
1300 2 3 0
100 4 3 0
1300 4 5 0.01
700 2 3 0.01
700 3 4 0.1
700 3 5 0.1
100 3 5 0
1300 4 4 0.01
100 3 3 0.01
100 4 3 0.001
1300 4 5 0
100 4 3 0.1
1300 2 4 0.1
100 2 3 0.001
100 4 3 0.1
1300 3 3 0.1
700 3 5 0.1
100 4 3 0.1
1300 4 4 0.1
1300 4 4 0.001
1300 3 5 0.01
1300 4 4 0.001
1300 3 4 0.001
1300 3 4 0
700 4 3 0.1
100 2 3 0.01
1300 3 3 0
100 2 4 0.1
1300 2 3 0
100 2 5 0
100 4 5 0.001
1300 4 5 0.01
100 4 3 0.01
1300 4 3 0.01
100 2 4 0.001
1300 3 4 0.01
1300 3 4 0.1
1300 4 4 0.01
700 3 4 0.01
700 4 5 0
700 2 5 0.1
700 4 5 0.01
1300 4 3 0.1
100 2 4 0.001
1300 3 3 0.01
100 3 5 0.01
700 2 5 0
100 3 3 0.1
1300 4 4 0.1
100 2 4 0.1
1300 3 3 0.1
100 2 5 0.1
1300 2 4 0.001
1300 3 3 0.001
700 3 5 0.001
1300 4 3 0.001
100 3 4 0
1300 3 4 0
100 4 4 0.01
700 3 3 0.01
100 3 5 0.1
1300 4 4 0
1300 4 3 0.1
700 3 3 0
100 4 4 0
700 2 4 0.01
700 3 4 0.01
700 4 3 0.01
1300 2 5 0.01
700 3 4 0
100 4 4 0
1300 2 5 0.001
100 2 5 0.1
100 4 5 0.1
1300 4 3 0.01
700 3 4 0.1
700 4 3 0
700 4 4 0.001
1300 3 5 0.001
100 2 5 0.01
1300 4 4 0.01
1300 4 3 0
100 2 4 0
100 2 5 0.001
100 2 5 0.1
100 3 3 0
100 4 5 0.001
1300 3 4 0.001
100 2 5 0.001
700 2 3 0
700 4 5 0.001
700 2 5 0.1
100 3 5 0.01
1300 4 3 0.1
100 3 4 0.1
700 2 4 0.1
700 3 5 0.001
700 4 3 0.001
700 4 3 0.1
1300 4 4 0.001
700 3 5 0
1300 3 5 0
700 3 5 0.01
1300 3 4 0.1
100 2 4 0.1
100 4 5 0
1300 3 4 0.001
1300 2 5 0.001
100 2 5 0
 5 0.01
700 2 5 0.1
100 3 5 0
1300 2 4 0
1300 3 3 0
100 2 3 0
100 2 3 0.1
100 2 4 0.01
1300 2 4 0
700 2 4 0.01
700 4 3 0
700 4 3 0.1
100 4 5 0
1300 3 5 0.01
1300 2 5 0.01
100 3 4 0.1
1300 4 5 0.001
700 3 5 0
100 4 3 0.01
1300 4 3 0
700 3 3 0.1
700 3 4 0.01
700 3 5 0
1300 3 5 0.1
1300 2 5 0
100 3 4 0.001
1300 2 3 0.1
100 2 4 0
100 3 3 0.01
1300 2 3 0.01
700 2 3 0.001
700 2 4 0.1
700 3 3 0.1
1300 2 3 0
700 4 5 0.001
1300 4 5 0
100 3 5 0.01
700 2 4 0
700 4 4 0.1
700 3 3 0.001
100 3 3 0.1
100 4 5 0.1
1300 4 4 0
100 3 3 0.001
100 4 5 0.01
700 3 4 0.001
1300 3 3 0.001
100 3 3 0.001
700 2 4 0
100 2 3 0
100 3 5 0.001
1300 2 4 0.1
100 4 4 0.001
700 2 3 0.001
700 4 4 0.001
1300 2 3 0.01
100 3 4 0
1300 4 5 0.001
700 2 4 0
100 3 3 0.01
700 2 5 0.001
100 3 4 0.001
700 2 3 0.1
100 3 3 0.001
1300 2 3 0.1
700 4 4 0.01
1300 3 5 0.1
1300 2 4 0.001
700 4 5 0
1300 4 3 0
700 4 3 0.001
100 3 4 0.01
1300 2 5 0.01
100 2 3 0.01
100 2 4 0.001
1300 2 5 0
1300 2 3 0.01
700 2 3 0.01
700 4 4 0
700 2 4 0.001
100 2 5 0.001
1300 3 3 0.01
100 2 3 0.001
100 4 5 0
1300 2 4 0.1
700 3 4 0.1
100 4 3 0.001
1300 4 3 0.01
100 3 4 0.1
1300 3 5 0
700 3 3 0
700 3 5 0.01
100 4 4 0
1300 2 5 0.1
100 3 5 0.001
1300 3 3 0.01
100 4 3 0.001
1300 3 4 0.01
1300 2 4 0.001
100 2 3 0
100 4 4 0.01
1300 3 3 0
100 3 3 0
1300 2 3 0.1
700 2 4 0.001
100 3 5 0.001
700 2 3 0.1
700 4 5 0.01
1300 2 4 0.01
1300 2 5 0.1
1300 3 5 0.1
100 3 5 0.1
700 2 4 0.01
700 4 5 0.1
1300 4 5 0.1
1300 3 4 0
100 4 4 0.001
1300 3 3 0.001
100 4 3 0
700 2 5 0.01
1300 2 3 0.001
700 4 3 0.01
100 4 4 0.1
1300 4 4 0.1
100 4 3 0.01
1300 4 5 0
700 4 4 0
100 3 4 0.001
1300 3 4 0.01
700 3 5 0.1
100 4 5 0.01
1300 4 5 0.01
700 3 5 0.01
700 4 4 0.001
700 3 3 0.001
100 3 3 0.1
100 4 4 0.1
700 2 4 0.001
100 2 3 0.01
100 4 5 0.001
1300 2 5 0
100 3 4 0.01
700 2 3 0.01
100 2 5 0
100 3 4 0.01
700 2 3 0
700 4 5 0.1
700 2 3 0.1
100 2 3 0.1
100 2 4 0.01
1300 2 5 0.001
1300 3 4 0.1
100 4 3 0
******* BEST PARAMS *******
{'Num home factors': 3, 'Learning Rate': 1, 'Iterations': 1300, 'Num season factors': 4, 'Least Train Error': 10.06387579792888, 'Lambda': 0.001}
******* BEST PARAMS *******
--------------------------------------------------------------------------------
Progress: 60.0
2017-10-03 04:17:36.060235
--------------------------------------------------------------------------------
Test set [5785 5814 5817 6072 6121 6139 6266 6418 6498 6636 6692 6836 6910 7016]
--------------------------------------------------------------------------------
Current Error, Least Error, #Iterations
700 2 5 0.001
700 4 3 0.1
1300 4 3 0.01
700 3 4 0.01
100 4 5 0.01
700 2 4 0.001
700 4 3 0.1
700 2 3 0.001
700 3 5 0.1
1300 3 4 0.01
100 4 4 0.001
1300 4 5 0.1
1300 4 5 0.1
100 3 3 0.001
1300 2 5 0.001
100 2 5 0.01
1300 2 5 0.01
700 3 5 0
1300 2 4 0.1
100 2 5 0.01
1300 2 4 0.01
700 2 4 0.001
100 2 3 0.1
1300 2 4 0
100 2 3 0.01
100 4 3 0.1
1300 4 5 0
700 4 4 0.01
700 2 3 0.01
700 3 5 0
700 2 3 0
700 4 5 0
100 4 4 0.1
700 2 4 0.001
700 4 5 0
1300 4 5 0.01
100 4 5 0.001
700 2 5 0
100 3 3 0
100 4 5 0
1300 3 4 0.001
100 2 5 0.1
1300 3 4 0
100 2 3 0.001
1300 3 3 0.001
100 3 3 0.001
100 4 4 0.01
700 2 3 0.1
700 3 4 0.1
100 4 5 0.1
700 2 5 0.1
100 2 4 0
100 3 4 0.001
1300 3 4 0.1
100 2 4 0
1300 2 5 0.1
100 3 4 0.01
1300 3 3 0.01
700 4 4 0.01
1300 4 5 0
100 3 3 0.01
1300 3 5 0.01
100 3 5 0.001
1300 4 3 0.1
100 2 5 0
1300 2 4 0.1
100 2 3 0.1
700 2 5 0
700 3 4 0.001
1300 2 3 0.01
700 3 4 0.001
1300 4 3 0.01
100 2 5 0.001
700 2 5 0.01
700 4 3 0
1300 2 3 0.001
700 4 4 0.1
700 2 5 0.01
100 2 4 0.001
1300 4 3 0.01
100 2 5 0
1300 2 5 0.01
100 3 3 0.01
100 4 5 0.1
700 2 5 0.001
100 2 4 0.1
1300 3 3 0.1
100 2 5 0.001
1300 3 5 0.001
100 3 3 0.001
1300 3 3 0.01
700 3 4 0.1
1300 3 3 0.01
100 2 4 0.1
1300 2 5 0
700 4 4 0.001
1300 3 4 0
100 2 4 0.01
1300 3 4 0.1
100 2 3 0
1300 2 3 0
700 3 4 0.1
100 4 4 0
700 2 4 0.01
700 4 5 0.01
1300 4 5 0.001
100 4 4 0.01
700 2 3 0.001
700 3 5 0.01
1300 2 5 0
700 3 4 0.001
700 2 4 0.01
700 3 5 0.001
1300 2 4 0.001
100 2 4 0.1
1300 2 3 0
700 3 3 0.01
700 3 3 0.1
100 3 4 0.1
700 2 5 0.1
700 3 5 0
1300 3 4 0.1
100 3 5 0
1300 4 3 0.001
100 3 3 0.1
1300 4 3 0.001
100 2 3 0.01
100 4 5 0.001
700 2 4 0.01
700 4 3 0.001
1300 2 5 0.001
100 2 5 0.01
100 3 4 0.001
1300 2 5 0.01
100 3 5 0
1300 3 5 0.1
100 3 4 0.01
1300 4 3 0.1
100 3 4 0.01
1300 2 3 0.01
100 3 3 0.1
1300 3 3 0.1
700 3 4 0
1300 4 4 0
100 3 5 0.01
1300 3 4 0
700 4 4 0.001
1300 4 4 0.1
100 2 4 0.01
100 3 5 0.001
1300 4 5 0.01
100 3 4 0
1300 2 5 0
100 3 3 0
1300 3 5 0
100 2 4 0.001
100 4 3 0
1300 3 3 0.1
700 3 4 0
1300 3 5 0.1
100 4 4 0
1300 4 5 0.001
100 4 4 0.01
1300 3 5 0.01
100 3 5 0.001
1300 2 3 0.1
100 2 3 0.001
100 4 5 0.01
700 2 4 0
100 2 3 0
1300 2 4 0.01
700 3 4 0.01
1300 3 4 0.01
100 3 5 0.01
1300 3 3 0
700 3 3 0.01
100 3 4 0.1
1300 3 5 0.1
100 4 3 0
1300 3 3 0.001
700 4 5 0.01
700 2 5 0.001
700 3 3 0.1
700 4 4 0
1300 3 5 0
100 3 5 0
1300 3 5 0.001
100 4 3 0
1300 4 4 0.01
100 3 5 0.1
700 2 3 0.01
700 4 3 0.01
700 2 3 0
700 4 3 0.001
1300 2 4 0
700 3 5 0.001
100 4 3 0.01
1300 4 5 0.001
100 3 5 0.1
1300 2 4 0.001
100 4 3 0.01
1300 3 5 0.01
100 2 5 0.1
100 4 5 0
700 2 4 0.1
700 3 3 0
700 3 3 0.001
100 2 3 0.001
100 4 3 0.001
1300 4 5 0.01
100 2 4 0.01
100 4 4 0.1
700 2 4 0.1
700 4 3 0.01
100 3 5 0.01
1300 4 4 0.001
700 4 3 0
700 2 4 0.1
700 4 5 0.001
700 2 5 0.01
100 2 5 0.001
1300 3 4 0.01
100 4 3 0.01
1300 4 3 0
100 2 4 0
100 4 4 0.001
700 2 3 0.1
700 4 5 0
700 2 5 0.1
700 4 5 0.001
1300 4 4 0.01
100 4 3 0.001
1300 4 4 0.001
1300 2 3 0.01
700 3 5 0.01
1300 2 3 0
100 3 4 0.001
1300 2 5 0.1
700 4 5 0.1
700 2 3 0.001
700 3 5 0.1
1300 2 5 0.001
100 3 3 0.01
1300 2 4 0.1
700 4 5 0.001
1300 4 4 0.1
100 4 4 0
1300 4 4 0
100 3 4 0
1300 3 4 0.001
100 3 3 0
1300 2 3 0.1
700 4 4 0
1300 3 5 0
100 4 3 0.1
700 2 3 0
700 4 3 0.1
1300 2 5 0.1
100 2 3 0
100 4 4 0.001
1300 2 4 0.01
700 4 3 0.01
1300 4 5 0
100 2 3 0.01
1300 3 3 0
700 3 5 0.001
1300 3 3 0
700 3 3 0
700 3 3 0.001
700 3 3 0.01
700 3 3 0.1
700 3 4 0
700 3 4 0.01
700 4 5 0.1
700 3 3 0
700 4 3 0
1300 2 4 0.001
100 2 5 0.1
100 4 5 0.001
700 2 4 0
700 4 4 0
1300 4 3 0.001
100 4 3 0.001
700 2 3 0.1
700 4 4 0.001
1300 2 4 0
100 3 5 0.1
1300 3 3 0.001
100 3 3 0.1
1300 4 4 0.01
100 2 5 0
100 4 5 0.01
1300 4 4 0.1
100 3 4 0.1
1300 4 4 0
700 4 5 0.01
700 2 4 0
700 4 5 0.1
******* BEST PARAMS *******
{'Num home factors': 3, 'Learning Rate': 1, 'Iterations': 1300, 'Num season factors': 4, 'Least Train Error': 9.758328960239943, 'Lambda': 0.001}
******* BEST PARAMS *******
--------------------------------------------------------------------------------
Progress: 70.0
2017-10-03 04:36:47.664388
--------------------------------------------------------------------------------
Test set [7024 7057 7319 7390 7429 7510 7597 7641 7731 7741 7769 7793 7800 7866]
--------------------------------------------------------------------------------
Current Error, Least Error, #Iterations
1300 2 3 0.1
100 3 4 0.01
100 4 4 0.1
1300 3 3 0
700 3 5 0.1
700 4 5 0.001
1300 4 4 0.1
700 2 5 0.01
700 3 3 0.001
700 4 4 0.1
700 3 3 0.001
100 3 3 0.1
1300 4 4 0.01
1300 3 3 0.001
100 3 4 0.001
100 4 5 0
1300 3 4 0
700 4 3 0.1
700 4 5 0.1
700 3 3 0
700 3 3 0.1
700 3 4 0.01
100 3 5 0.1
1300 2 5 0.001
100 4 4 0.001
1300 4 3 0
100 3 3 0.001
1300 3 5 0.1
100 4 3 0.001
1300 4 5 0.1
100 4 3 0.001
700 2 3 0.001
700 3 3 0.1
100 4 3 0
1300 4 5 0.01
1300 3 5 0
100 4 4 0
1300 4 5 0
700 3 4 0.001
1300 2 3 0.001
100 2 3 0.001
1300 3 4 0.01
100 3 4 0
1300 4 5 0.01
100 2 5 0.01
1300 2 5 0
700 4 3 0.1
1300 2 3 0.01
100 2 3 0.01
1300 2 5 0.1
100 3 5 0
1300 3 5 0
100 4 3 0
1300 4 3 0.1
100 3 5 0
1300 3 4 0.001
100 2 4 0
1300 2 3 0.01
100 2 3 0.01
1300 4 4 0.01
1300 2 4 0.1
700 4 5 0.01
700 2 4 0.001
100 2 3 0.1
700 2 5 0
700 4 4 0
700 3 4 0
100 2 3 0.001
100 4 5 0.01
1300 4 3 0.001
700 4 3 0.001
100 2 4 0
1300 2 5 0.1
100 4 3 0.1
700 2 4 0.1
700 3 5 0.001
100 4 5 0.001
700 2 5 0.1
700 4 3 0.01
100 3 3 0.1
100 4 3 0.01
1300 4 3 0.001
100 2 5 0.001
1300 3 4 0.01
1300 2 4 0.1
100 2 4 0.1
1300 4 4 0
700 4 3 0
1300 4 5 0.001
700 3 5 0
100 3 4 0.01
1300 4 3 0
100 2 5 0.001
700 2 3 0
700 3 5 0.1
700 4 5 0.01
1300 2 5 0.001
100 2 3 0
100 4 3 0.001
1300 4 3 0.1
100 2 4 0.01
1300 3 5 0.001
100 2 5 0.1
1300 4 4 0
700 4 4 0.001
700 4 4 0.01
700 4 5 0
700 2 4 0
100 2 4 0.001
700 2 4 0.1
700 3 3 0.01
700 3 5 0
700 4 3 0.001
100 4 5 0.01
700 3 3 0
700 4 3 0.01
700 4 4 0.1
100 3 3 0
1300 3 3 0.1
700 2 3 0.01
700 3 3 0.01
700 3 4 0.001
100 2 5 0.01
1300 4 3 0.01
700 3 3 0.1
700 3 4 0
700 3 4 0.01
100 2 4 0.001
100 4 5 0.001
1300 4 3 0.1
1300 2 5 0.001
100 2 5 0
1300 3 3 0.1
100 2 4 0.01
1300 2 5 0
100 2 3 0.1
1300 3 3 0
100 3 3 0.001
1300 2 5 0
700 4 5 0.1
700 4 3 0
100 4 5 0.1
700 2 5 0.01
100 3 3 0.01
700 2 4 0
700 4 3 0.1
1300 4 3 0.001
100 4 4 0.1
700 2 4 0.01
700 3 5 0
700 2 5 0.1
700 3 3 0
100 2 3 0
1300 2 3 0.01
700 2 3 0.1
700 2 5 0.01
100 3 4 0
1300 2 4 0.01
700 3 5 0.01
700 2 3 0.001
700 4 4 0.001
1300 4 4 0.001
1300 2 4 0.001
700 3 5 0.001
1300 2 5 0.01
100 3 3 0.01
100 4 5 0.1
700 2 5 0.1
100 4 4 0.01
700 2 5 0
100 2 5 0.1
1300 4 5 0
100 2 4 0.1
1300 3 5 0.1
100 4 4 0.001
700 2 4 0.1
100 3 3 0
1300 3 3 0
100 3 5 0.01
700 2 4 0
700 2 4 0.01
700 3 4 0.1
100 3 5 0.1
700 2 3 0.1
100 2 3 0
100 3 4 0.001
100 4 3 0.1
1300 4 5 0.01
100 4 3 0
1300 2 3 0
100 2 4 0.01
1300 3 4 0
700 4 3 0
1300 3 4 0.1
1300 2 4 0.001
700 2 5 0.001
100 3 5 0.01
1300 4 5 0.001
100 3 5 0
1300 3 3 0.01
100 2 5 0
1300 3 4 0.1
1300 2 3 0.1
700 3 5 0.1
1300 2 3 0.001
700 4 5 0.001
700 3 5 0.01
700 4 4 0
100 4 3 0.01
1300 4 4 0
100 3 5 0.01
1300 4 4 0.001
100 3 3 0.001
1300 4 4 0.1
1300 3 3 0.01
100 3 4 0.1
1300 4 4 0.1
100 3 3 0.1
700 2 3 0.01
700 3 4 0.01
100 4 5 0
700 2 5 0.001
700 4 4 0
1300 3 5 0.01
1300 2 5 0.01
100 2 4 0.001
1300 3 4 0.01
100 3 5 0.001
1300 2 4 0
100 3 3 0
1300 4 4 0.01
1300 3 3 0.001
700 3 3 0.001
700 3 4 0
700 3 4 0.1
100 4 4 0.01
1300 2 4 0.001
100 3 5 0.1
700 2 4 0.001
100 2 5 0.1
1300 3 5 0.01
700 4 5 0
1300 2 4 0.01
700 4 4 0.01
1300 4 5 0.1
100 3 5 0.001
700 2 3 0.001
700 4 5 0.001
1300 4 5 0.001
1300 3 5 0.001
1300 2 5 0.1
700 4 4 0.001
1300 3 5 0.1
100 3 4 0.1
1300 2 4 0
100 4 4 0
1300 4 5 0.1
100 4 5 0
700 2 3 0.1
700 4 3 0.01
1300 3 3 0.1
100 2 3 0.01
1300 2 4 0
100 3 4 0
100 4 4 0.001
1300 2 3 0
100 2 3 0.001
1300 2 3 0.1
100 2 4 0.1
1300 3 4 0.1
100 4 4 0
1300 4 3 0
100 2 4 0
1300 3 3 0.01
100 4 3 0.1
700 2 3 0
700 4 4 0.01
1300 3 4 0.001
100 4 3 0.01
1300 3 3 0.001
100 3 4 0.001
1300 4 4 0.001
100 3 4 0.01
100 4 5 0.001
1300 3 4 0
100 2 3 0.1
1300 2 4 0.01
100 2 5 0.001
1300 3 4 0.001
100 4 4 0.1
700 2 4 0.01
700 3 4 0.1
100 4 4 0.01
1300 3 5 0
1300 2 5 0.01
700 4 4 0.1
700 2 5 0.001
700 4 5 0
700 2 3 0
700 3 3 0.01
100 3 4 0.1
1300 4 5 0
100 4 5 0.1
700 2 4 0.001
700 3 4 0.001
700 3 5 0.001
100 2 5 0.01
1300 3 5 0.01
100 3 3 0.01
1300 4 3 0.01
700 4 5 0.01
1300 2 4 0.1
100 3 5 0.001
1300 2 3 0.001
700 2 5 0
700 4 3 0.001
100 2 5 0
1300 3 5 0.001
100 4 5 0.01
700 2 3 0.01
700 3 5 0.01
1300 4 3 0.01
1300 2 3 0
700 4 5 0.1
******* BEST PARAMS *******
{'Num home factors': 5, 'Learning Rate': 1, 'Iterations': 1300, 'Num season factors': 4, 'Least Train Error': 10.205701888754628, 'Lambda': 0}
******* BEST PARAMS *******
--------------------------------------------------------------------------------
Progress: 80.0
2017-10-03 04:55:12.022505
--------------------------------------------------------------------------------
Test set [7982 8031 8047 8142 8236 8243 8317 8626 9052 9134 9195 9215 9233 9484]
--------------------------------------------------------------------------------
Current Error, Least Error, #Iterations
1300 2 4 0.1
1300 3 4 0
700 4 3 0.1
1300 4 4 0
700 2 5 0.001
700 4 4 0.01
100 3 4 0
1300 4 3 0.1
100 3 5 0
1300 4 3 0.001
700 2 5 0
700 4 3 0.01
700 4 5 0
100 3 4 0.1
100 4 4 0
700 2 3 0.01
700 4 4 0
700 2 3 0.01
100 2 3 0.01
1300 2 3 0.01
100 2 5 0
1300 3 5 0
100 3 5 0.001
1300 4 3 0
1300 4 5 0.1
1300 2 3 0
700 4 3 0.01
1300 3 5 0.01
1300 2 5 0.001
1300 3 3 0.01
700 4 3 0.001
1300 4 3 0.01
700 2 3 0.1
700 4 3 0.001
1300 2 3 0.001
700 4 3 0
1300 3 4 0.01
100 2 4 0.1
700 2 3 0.01
100 3 3 0.1
1300 3 5 0.1
100 3 4 0.01
1300 3 5 0.1
1300 3 4 0
1300 4 3 0.01
100 3 5 0.1
1300 3 3 0.1
100 3 4 0.01
700 2 4 0
700 4 3 0.1
1300 2 3 0.01
100 2 4 0
1300 2 4 0.01
100 2 5 0.01
1300 3 5 0.01
100 4 5 0.001
700 2 5 0.01
100 2 5 0.1
1300 2 3 0.1
100 2 5 0.001
1300 2 4 0.001
100 2 3 0.01
100 4 3 0.01
700 2 4 0.01
100 2 4 0.01
1300 2 5 0
700 4 4 0.1
1300 4 4 0.001
1300 4 3 0
100 3 4 0
1300 3 5 0
100 2 4 0
1300 3 3 0.1
700 4 5 0.01
700 2 4 0
100 2 3 0.001
100 4 5 0.1
700 3 3 0
700 3 4 0.01
700 3 5 0.01
700 4 4 0.001
100 2 4 0.01
1300 4 3 0.001
100 2 4 0.01
1300 2 5 0
100 2 4 0.1
1300 2 4 0.1
700 3 4 0.1
700 3 5 0.001
700 2 3 0.001
700 3 3 0.01
700 4 4 0.001
100 3 4 0.01
1300 4 4 0.001
100 4 3 0.01
1300 4 4 0.001
700 2 3 0
100 2 4 0.1
1300 2 4 0.01
100 3 3 0
1300 3 3 0
100 2 5 0.1
1300 4 5 0.001
1300 2 4 0
700 4 5 0
700 2 3 0.1
100 3 3 0
1300 2 4 0.01
100 3 5 0.001
1300 4 5 0.001
100 4 5 0
700 2 5 0.001
100 3 4 0
1300 2 3 0
700 3 3 0.001
700 3 4 0
700 3 4 0.1
1300 2 5 0.1
700 4 5 0.1
1300 2 5 0.01
700 2 5 0.1
100 2 4 0.001
1300 4 3 0
100 2 3 0.1
100 3 4 0.001
100 4 3 0
1300 3 3 0.1
700 3 5 0.001
1300 3 3 0.01
700 3 3 0.001
700 3 3 0.01
700 3 3 0.1
700 3 4 0
700 3 5 0
700 3 5 0.1
700 4 3 0.1
1300 4 4 0.1
700 4 5 0.001
700 2 5 0.001
100 2 5 0
1300 2 4 0
100 3 5 0.01
1300 2 3 0.1
700 3 5 0
100 4 5 0.01
700 2 3 0.001
700 4 4 0.01
700 2 4 0.1
100 3 3 0.001
1300 3 3 0.001
100 3 3 0.01
100 4 5 0.1
700 2 5 0.1
100 3 3 0.001
1300 3 3 0.001
100 3 4 0.1
1300 3 5 0.001
100 3 5 0
1300 4 5 0
100 4 4 0.001
700 2 4 0.001
100 3 3 0.01
1300 3 3 0
100 2 3 0.001
100 2 5 0.1
1300 3 5 0.001
100 3 4 0.1
1300 4 3 0.1
100 4 4 0
1300 4 5 0.01
700 4 4 0.1
1300 3 3 0
700 3 4 0.1
700 3 5 0
100 4 3 0.001
1300 4 5 0.001
700 2 5 0.1
700 3 3 0.1
700 3 4 0.01
700 3 5 0.001
100 4 4 0.1
700 2 5 0
700 3 3 0
700 3 3 0.001
700 3 3 0.01
700 3 3 0.1
700 3 4 0
700 3 4 0.001
100 4 4 0.01
700 2 4 0
700 4 4 0
1300 2 5 0
1300 2 3 0.1
700 4 5 0.01
1300 4 5 0.01
1300 4 3 0.1
700 3 3 0
700 4 5 0.1
700 2 4 0.1
100 2 5 0.01
1300 2 3 0
700 4 5 0
1300 4 4 0
1300 4 4 0.1
100 4 3 0.1
700 2 3 0.001
700 4 3 0.001
100 2 3 0
100 3 5 0.1
700 2 4 0.1
100 3 3 0
100 4 3 0.001
1300 3 4 0.001
100 3 3 0.01
1300 2 5 0.1
100 3 4 0.001
1300 2 5 0.1
1300 4 3 0.001
100 3 3 0.1
1300 3 4 0.001
100 4 3 0.1
1300 2 4 0
1300 2 5 0.001
700 4 4 0.001
1300 4 5 0.1
700 4 3 0
700 4 3 0.01
700 4 4 0.01
100 4 5 0.01
1300 3 4 0.1
100 2 4 0.001
100 4 4 0.01
700 2 3 0
700 3 5 0.1
100 2 4 0.001
1300 2 4 0.001
100 4 3 0
1300 2 3 0.001
700 3 5 0.01
1300 2 4 0.001
700 3 5 0.01
1300 3 4 0
700 4 5 0.001
700 2 4 0.001
700 4 4 0
1300 2 4 0.1
700 3 4 0.01
100 4 4 0
1300 4 5 0
100 4 4 0.01
700 2 5 0.01
100 3 3 0.001
1300 2 5 0.01
700 4 5 0.001
700 2 5 0.01
100 2 5 0
100 4 5 0.001
1300 2 5 0.01
700 4 3 0
1300 4 4 0
100 2 3 0.1
1300 2 3 0.001
700 4 5 0.1
100 4 5 0.1
1300 4 3 0.01
100 2 5 0.01
100 3 5 0.01
700 2 4 0.001
100 2 3 0.01
1300 2 3 0.01
700 4 5 0.01
1300 4 4 0.01
700 3 5 0.1
1300 3 5 0.01
100 3 4 0.001
1300 3 4 0.1
100 4 5 0
******* BEST PARAMS *******
{'Num home factors': 5, 'Learning Rate': 0.5, 'Iterations': 700, 'Num season factors': 4, 'Least Train Error': 10.435086873189073, 'Lambda': 0.001}
******* BEST PARAMS *******
--------------------------------------------------------------------------------
Progress: 90.0
2017-10-03 05:13:18.532418
--------------------------------------------------------------------------------
Test set [9499 9578 9609 9647 9654 9729 9773 9912 9922 9931 9932 9933 9971 9982]
--------------------------------------------------------------------------------
Current Error, Least Error, #Iterations
1300 3 3 0.1
100 3 3 0.01
1300 4 3 0.001
100 3 3 0
1300 3 3 0
100 2 5 0.1
1300 2 3 0
100 2 5 0.001
1300 3 5 0.1
100 4 3 0.1
700 2 3 0.1
700 3 3 0.1
100 3 3 0
1300 3 4 0.001
100 4 4 0.1
700 2 4 0.001
700 4 4 0.01
1300 3 5 0.01
100 2 4 0.1
1300 4 5 0
100 3 5 0.1
700 2 3 0.001
700 4 3 0.01
1300 3 5 0.001
700 2 3 0.1
700 3 4 0.01
700 4 3 0
700 4 3 0.01
700 4 4 0.001
100 2 3 0.001
100 3 5 0
1300 4 5 0.01
1300 3 3 0.001
700 4 4 0
1300 4 4 0
100 4 3 0.1
1300 4 4 0
100 3 3 0.01
1300 2 4 0.01
100 2 5 0
1300 3 3 0.01
100 2 3 0.1
100 4 5 0.01
700 2 5 0.01
700 3 5 0.01
1300 4 3 0
1300 2 5 0.001
100 4 4 0.001
700 2 4 0
700 3 4 0.001
100 4 5 0.1
1300 4 5 0
700 2 5 0
700 4 4 0.1
700 2 4 0.1
700 4 5 0
700 2 3 0.01
700 3 4 0.1
1300 2 5 0.1
1300 2 5 0.001
700 3 5 0.1
1300 2 3 0.1
700 4 4 0.001
1300 3 5 0
100 2 5 0.01
1300 3 4 0.1
700 3 3 0
700 3 4 0
1300 3 3 0.1
700 4 3 0.001
1300 4 3 0.001
700 4 5 0.1
1300 3 4 0.01
100 2 5 0.001
1300 2 5 0.01
700 3 5 0.001
1300 4 4 0.01
100 2 4 0.01
1300 2 4 0
700 3 4 0.1
1300 3 4 0
700 4 3 0.01
700 2 4 0.1
700 3 4 0.1
700 4 3 0.001
100 4 5 0
700 2 5 0.001
100 2 4 0.01
100 4 5 0
700 2 5 0.1
100 2 3 0
100 2 5 0.01
1300 3 5 0.01
1300 2 4 0.1
100 2 4 0.001
1300 2 3 0.001
100 2 3 0.01
100 2 5 0.001
1300 2 5 0
100 4 3 0.001
1300 3 5 0.001
100 4 4 0.01
700 2 5 0
700 4 3 0.1
700 2 5 0.001
700 3 3 0.01
700 3 4 0.001
100 2 3 0
100 2 5 0
1300 4 3 0.01
100 2 3 0.001
100 3 4 0.01
1300 4 4 0.01
1300 2 4 0
100 4 4 0.01
700 2 5 0
100 2 3 0.1
100 3 4 0.001
1300 4 5 0.1
1300 3 4 0
100 3 4 0.1
1300 4 4 0.1
100 4 4 0
1300 4 3 0.1
100 3 3 0.001
1300 4 5 0.001
1300 2 4 0.001
100 2 3 0
100 3 5 0.01
700 2 4 0.001
700 4 4 0.01
1300 2 4 0.01
1300 2 3 0.001
700 4 4 0
700 2 4 0.01
700 4 4 0.1
1300 2 3 0.001
100 3 3 0.001
1300 3 3 0.01
700 3 5 0
1300 3 4 0.01
1300 3 4 0.01
100 3 3 0.1
1300 4 4 0.01
100 4 3 0.001
1300 4 3 0.001
700 3 3 0.01
100 3 3 0.01
1300 2 3 0.01
100 2 4 0.1
1300 3 3 0.1
700 3 3 0.01
100 4 4 0.1
700 2 5 0.01
100 2 3 0.001
100 3 3 0.1
700 2 4 0.001
700 4 5 0.001
1300 2 4 0.01
700 4 3 0.1
100 4 5 0.01
700 3 3 0
700 4 5 0.01
1300 4 3 0.1
700 3 3 0.001
700 3 3 0.1
700 4 5 0.01
700 2 4 0.01
700 3 3 0.1
700 4 3 0.001
1300 3 4 0.001
1300 2 4 0.1
100 2 5 0.1
1300 4 4 0.001
100 3 5 0
1300 4 5 0.001
1300 2 3 0.1
100 3 5 0.001
1300 4 5 0.1
100 4 4 0.001
700 2 4 0
700 4 5 0
1300 3 4 0.1
100 4 3 0
1300 2 5 0.1
100 2 3 0.01
100 2 5 0.1
1300 2 3 0
700 3 4 0
100 3 4 0
700 2 5 0.01
700 3 3 0
100 2 3 0.01
1300 2 3 0.01
700 4 5 0.01
1300 3 4 0.1
100 3 5 0.1
700 2 3 0
700 3 5 0.001
1300 2 5 0.01
100 2 5 0
100 4 5 0.001
1300 4 4 0
700 3 5 0
100 4 3 0
700 2 3 0.001
700 3 5 0
700 3 5 0.01
100 4 4 0
700 2 3 0.01
700 3 4 0.01
100 3 4 0.1
700 2 3 0.001
700 3 5 0.01
100 4 3 0.001
1300 4 5 0.01
100 4 5 0.001
700 2 3 0.1
700 4 3 0
1300 3 5 0
100 4 3 0.01
700 2 3 0.01
700 3 4 0
100 3 3 0
1300 4 3 0.1
700 4 5 0.1
1300 4 4 0.001
100 3 5 0.001
1300 4 4 0.1
1300 2 3 0.1
700 4 4 0.1
1300 2 5 0.1
100 2 3 0.1
100 3 4 0.001
1300 3 5 0.001
100 3 5 0.01
1300 4 3 0
100 4 3 0
1300 4 4 0.1
100 4 3 0.1
1300 4 4 0.001
1300 3 3 0.001
700 4 5 0.001
700 2 4 0.1
700 4 5 0.001
1300 4 3 0
100 3 4 0
1300 4 5 0
100 3 3 0.1
1300 3 5 0.1
100 3 5 0.01
1300 2 5 0.01
1300 2 3 0
700 3 5 0.001
1300 2 3 0.01
700 3 4 0.001
100 2 4 0
100 3 4 0.1
700 2 4 0
700 4 4 0.01
1300 3 4 0.001
100 4 3 0.01
1300 4 5 0.01
100 3 5 0
1300 3 3 0
100 2 4 0.001
1300 3 4 0
100 2 4 0.1
1300 2 4 0.1
100 4 4 0.1
700 2 5 0.1
700 4 3 0.1
100 4 5 0.1
700 2 5 0.1
100 2 4 0
100 3 5 0.1
1300 4 3 0.01
700 2 5 0.001
700 4 3 0
100 4 4 0.01
700 2 4 0.01
700 4 5 0
1300 4 5 0.001
1300 2 4 0.001
700 3 3 0.001
100 2 4 0.01
100 4 5 0.001
1300 3 3 0.001
100 3 4 0.01
1300 3 5 0
100 3 3 0.001
1300 2 4 0
700 3 4 0.01
100 4 4 0.001
1300 4 3 0.01
100 2 4 0
1300 2 5 0
100 3 4 0
1300 3 3 0.01
100 4 5 0.1
******* BEST PARAMS *******
{'Num home factors': 3, 'Learning Rate': 0.5, 'Iterations': 700, 'Num season factors': 3, 'Least Train Error': 10.017681037958178, 'Lambda': 0.001}
******* BEST PARAMS *******
