nohup: ignoring input
--------------------------------------------------------------------------------
Progress: 0.0
2017-10-02 23:51:50.591643
--------------------------------------------------------------------------------
Test set [ 26  59  94 101 121 135 222 252 364 370 410 545 624 661 871]
--------------------------------------------------------------------------------
Current Error, Least Error, #Iterations
1300 2 5 0
1300 4 4 0.001
1300 3 4 0.1
1300 2 3 0.1
1300 3 3 0.1
100 2 5 0
700 4 3 0.01
700 3 5 0.001
100 2 4 0
100 4 5 0.1
700 4 3 0.1
100 4 5 0.001
1300 4 3 0.1
1300 2 4 0.01
700 2 3 0.001
100 2 3 0
1300 3 5 0
1300 4 4 0.1
1300 4 4 0.01
1300 3 4 0
1300 2 5 0.01
1300 4 5 0.1
1300 3 4 0.001
700 3 3 0.001
700 4 4 0.1
700 2 5 0.001
100 2 4 0.01
1300 4 3 0.01
1300 4 5 0
1300 3 3 0.01
100 2 3 0.1
1300 3 5 0.01
700 2 3 0.1
700 4 4 0.01
700 2 4 0.001
700 4 5 0.1
700 4 3 0.1
700 4 3 0
700 4 4 0
700 2 4 0.01
100 2 3 0.01
1300 3 5 0.001
700 3 5 0.1
100 2 3 0.001
1300 2 3 0.01
100 2 4 0.1
1300 3 5 0.1
700 3 4 0.01
100 2 4 0.01
1300 2 4 0.01
100 2 4 0
1300 4 3 0.001
1300 3 4 0
1300 4 4 0
1300 3 3 0.01
100 3 4 0.01
700 3 3 0.1
700 4 5 0.01
700 2 4 0.1
100 2 5 0.001
1300 4 4 0.1
700 2 3 0.01
100 2 5 0
100 3 5 0
700 2 5 0.01
700 4 4 0.01
700 3 3 0.001
100 2 4 0.001
1300 2 3 0.01
100 4 5 0
700 3 5 0.1
100 4 3 0
700 2 4 0.001
100 2 3 0
1300 3 5 0.01
700 2 3 0.1
700 4 5 0.001
700 3 4 0.1
100 3 5 0.01
700 2 3 0
700 4 5 0.1
700 3 3 0.1
100 2 5 0.01
1300 4 4 0.001
700 3 5 0.01
100 2 3 0.1
1300 2 3 0
100 3 3 0.1
700 2 4 0
100 2 4 0.01
1300 4 4 0.01
1300 2 5 0
1300 2 5 0
100 2 4 0
1300 4 5 0.001
100 3 5 0.001
700 2 5 0.1
100 3 4 0
1300 4 4 0
700 2 5 0.01
100 3 3 0.01
1300 3 5 0.1
1300 2 3 0
100 2 3 0.001
700 3 3 0.01
100 2 4 0.001
100 4 3 0
700 2 5 0
700 4 5 0.01
700 4 3 0
100 4 3 0
700 4 3 0.1
700 4 5 0
700 3 4 0
100 2 5 0.1
1300 4 5 0
1300 4 5 0.1
100 4 4 0.001
700 3 5 0
100 3 4 0.001
1300 4 5 0.01
700 3 4 0
100 3 3 0.1
100 4 3 0.01
700 3 3 0.01
700 4 5 0
700 3 5 0.1
100 4 4 0.1
700 3 4 0.001
100 2 5 0.01
1300 4 3 0.01
100 3 5 0.01
700 2 4 0.01
100 2 3 0.1
1300 3 4 0.1
1300 3 4 0.1
100 4 5 0.01
700 3 4 0.001
100 3 4 0
700 3 4 0.1
100 3 4 0.001
1300 3 5 0.01
1300 2 3 0.1
100 2 5 0
700 3 5 0
100 2 4 0.1
1300 2 4 0.001
100 3 5 0.001
700 2 5 0.001
100 3 3 0.01
1300 4 4 0
700 2 3 0.01
700 4 4 0.001
700 2 5 0.01
100 2 5 0.001
1300 4 5 0.01
100 3 5 0.01
700 3 4 0.001
100 3 5 0
700 2 5 0
100 2 4 0.1
700 2 5 0.1
100 3 4 0
1300 4 5 0.001
1300 3 3 0.1
100 4 3 0.001
1300 3 5 0
1300 2 5 0.1
1300 2 3 0.001
100 3 3 0.001
1300 2 5 0.1
1300 4 3 0.1
100 4 3 0.01
700 2 5 0.1
100 3 3 0
1300 4 3 0.1
1300 4 4 0.1
100 4 5 0.1
700 3 3 0.01
100 2 5 0.01
700 2 4 0.01
100 3 4 0.01
700 2 3 0
700 4 4 0
1300 4 5 0.1
1300 3 3 0.1
1300 2 5 0.001
100 4 4 0.1
700 3 4 0
100 3 5 0.1
1300 3 3 0
1300 3 5 0.001
1300 3 3 0.001
100 3 4 0.1
1300 4 3 0.001
1300 3 4 0.01
100 3 3 0
1300 4 4 0.01
1300 3 4 0.01
100 4 4 0.01
700 4 3 0.001
100 4 4 0.01
700 3 3 0.1
100 2 5 0.1
1300 2 4 0
1300 3 4 0.001
1300 3 3 0
100 3 3 0.1
1300 2 4 0.1
1300 3 3 0
100 4 3 0.001
700 2 4 0.1
700 4 4 0
1300 3 3 0.01
1300 3 4 0
1300 2 4 0.1
100 3 4 0.001
1300 2 4 0.001
100 4 5 0.01
700 4 3 0.01
100 3 5 0.1
1300 4 5 0.001
1300 2 3 0
1300 2 4 0.1
100 4 4 0
700 3 3 0
100 2 3 0.01
1300 2 3 0.001
1300 2 3 0.1
100 3 4 0.01
700 3 5 0.01
100 4 5 0
1300 2 5 0.001
1300 2 4 0
1300 2 5 0.01
100 4 3 0.01
700 2 4 0
100 3 3 0
1300 3 5 0
1300 2 4 0.01
100 3 5 0
700 2 3 0.001
700 4 4 0.001
1300 4 5 0.01
1300 2 5 0.001
100 3 5 0.001
1300 3 3 0.001
1300 3 3 0.001
100 4 4 0.001
700 3 4 0.01
100 4 4 0.001
700 4 3 0.001
100 2 3 0.01
100 4 3 0.1
700 3 3 0.001
100 2 4 0.001
700 3 5 0
100 4 4 0.01
700 2 5 0.001
100 3 3 0.001
1300 2 5 0.01
1300 2 5 0.1
100 4 4 0
700 2 5 0
100 3 4 0.1
700 2 4 0
700 4 4 0.1
700 3 5 0.001
100 4 3 0.1
1300 3 5 0.1
1300 4 5 0
1300 3 4 0.01
100 4 5 0.1
1300 4 4 0.001
1300 4 3 0.001
100 4 3 0.1
700 2 3 0.001
700 4 4 0.001
700 4 3 0.01
100 2 3 0
100 4 3 0.001
700 3 3 0
100 2 3 0.001
1300 4 3 0
100 4 5 0.001
700 2 4 0.001
100 2 5 0.001
1300 4 3 0
100 3 3 0.01
700 2 3 0
700 4 4 0.1
1300 3 4 0.001
100 4 4 0
700 3 5 0.001
100 4 5 0
700 2 3 0.1
700 4 4 0.01
1300 4 3 0.01
100 4 4 0.1
700 4 3 0
1300 2 4 0.001
700 4 5 0.01
700 3 3 0
700 4 5 0.001
700 3 4 0.01
100 3 3 0.001
700 2 3 0.01
700 4 5 0.1
1300 3 5 0.001
100 3 5 0.1
700 3 4 0.1
1300 2 3 0.01
700 4 5 0.001
700 2 4 0.1
100 2 5 0.1
100 4 5 0.001
700 3 5 0.01
1300 2 4 0
700 4 5 0
1300 4 3 0
1300 2 3 0.001
100 3 4 0.1
700 4 3 0.001
100 4 5 0.01
******* BEST PARAMS *******
{'Num home factors': 4, 'Learning Rate': 1, 'Iterations': 1300, 'Num season factors': 4, 'Least Train Error': 10.337898571433099, 'Lambda': 0.001}
******* BEST PARAMS *******
--------------------------------------------------------------------------------
Progress: 10.0
2017-10-03 00:07:27.579401
--------------------------------------------------------------------------------
Test set [ 936  946 1169 1283 1310 1334 1415 1463 1500 1642 1697 1700 1790 1796 1800]
--------------------------------------------------------------------------------
Current Error, Least Error, #Iterations
700 3 4 0.01
100 3 4 0.01
700 2 3 0.1
700 4 4 0.1
700 3 5 0.1
700 2 4 0.1
100 3 4 0.1
700 2 4 0.001
700 4 5 0.01
700 4 3 0.01
700 4 3 0.01
700 4 4 0.001
700 2 4 0.01
100 2 3 0.001
1300 3 5 0.01
700 3 5 0
700 4 4 0.01
700 3 3 0.01
100 2 5 0
1300 4 4 0.1
700 2 5 0.1
100 2 3 0
100 3 5 0.001
700 2 5 0
100 2 4 0.001
1300 4 3 0.01
1300 2 5 0.001
1300 4 4 0.001
1300 3 4 0.001
1300 3 3 0.01
100 4 5 0.1
700 4 3 0.01
700 4 5 0.1
700 4 3 0.1
1300 4 5 0.1
100 4 3 0.01
700 2 5 0.1
100 2 5 0.001
1300 4 5 0.001
1300 3 4 0
100 4 4 0
700 3 3 0.001
100 2 3 0.01
1300 4 3 0
1300 4 4 0
1300 4 5 0.01
1300 3 3 0
100 2 3 0
700 2 4 0.01
100 2 5 0.01
1300 3 5 0.01
1300 2 4 0.01
100 2 4 0.01
700 2 5 0.001
100 2 4 0.01
1300 2 3 0.1
100 3 4 0
1300 4 5 0.01
1300 3 5 0.01
1300 2 4 0.001
100 4 3 0.001
700 2 4 0.001
100 2 3 0.1
700 4 3 0.1
700 4 5 0.1
700 3 5 0.1
1300 2 4 0
100 2 5 0.01
700 3 5 0.1
100 2 4 0.1
1300 2 5 0.001
100 4 5 0.01
700 3 3 0.1
100 2 4 0.1
700 4 3 0.001
700 4 5 0.01
700 3 5 0.01
100 4 5 0.1
700 3 5 0
100 4 3 0.1
700 4 3 0
700 4 4 0
700 2 3 0.01
700 4 4 0
700 3 4 0.001
100 4 3 0
700 2 5 0
100 2 5 0.001
1300 2 3 0.01
700 4 4 0.01
700 3 5 0.01
100 4 5 0
1300 4 3 0.1
100 4 5 0
700 3 4 0.1
100 4 5 0.001
700 3 3 0
100 3 3 0.001
1300 4 3 0.01
100 4 3 0.1
700 3 3 0.1
100 2 5 0.01
1300 4 3 0.1
700 2 4 0.001
100 3 3 0.01
100 4 5 0.001
700 3 5 0.001
100 4 4 0.01
700 3 3 0.01
100 2 5 0
1300 3 5 0
100 4 3 0
700 2 4 0.1
100 2 4 0.01
1300 4 4 0
700 3 4 0.001
100 3 3 0
1300 3 4 0.01
1300 2 3 0.01
100 2 3 0.001
700 2 3 0.001
100 2 4 0.001
1300 2 4 0.01
100 3 5 0.01
700 2 5 0.001
100 3 4 0
1300 4 5 0
1300 4 3 0.1
100 4 3 0.01
700 2 4 0
100 2 4 0.001
700 2 5 0.01
100 3 4 0.001
1300 4 5 0.001
1300 3 4 0.01
100 2 5 0.001
700 3 3 0.001
100 2 3 0.001
1300 2 5 0.1
100 3 5 0.1
700 2 5 0
100 2 5 0.1
1300 2 4 0.001
1300 3 4 0.1
1300 2 5 0
100 3 4 0.1
1300 3 4 0.01
1300 2 4 0.1
100 3 5 0
700 2 5 0.01
100 3 3 0.01
1300 2 4 0.01
1300 4 3 0.001
1300 2 5 0.001
100 3 5 0.01
700 3 3 0.1
700 4 5 0.001
700 4 3 0
1300 2 4 0.001
100 2 3 0.01
1300 2 3 0.01
100 4 4 0.01
700 3 4 0.01
100 4 4 0.001
700 3 4 0.01
100 3 4 0.01
1300 2 3 0.001
1300 2 4 0
100 4 4 0.1
700 3 4 0.1
100 4 3 0.001
1300 4 3 0
1300 2 3 0
100 3 3 0
1300 4 4 0.001
1300 3 4 0.1
1300 3 4 0
100 3 4 0.01
700 2 4 0.01
100 3 4 0.001
1300 3 4 0.001
1300 3 5 0
1300 3 3 0.01
100 3 5 0.001
700 2 4 0
100 3 3 0.1
1300 4 4 0
1300 3 3 0.001
100 3 3 0.1
700 3 4 0.1
100 3 3 0.001
1300 2 5 0
100 4 5 0
700 3 4 0
100 4 3 0.01
1300 4 5 0.001
1300 3 4 0.001
100 4 3 0.1
700 2 5 0.1
100 3 5 0.1
1300 4 4 0.01
100 3 5 0
700 2 4 0
700 4 5 0
700 4 3 0
100 4 5 0.001
1300 3 5 0.001
1300 4 3 0
100 3 5 0.001
700 3 3 0.001
100 3 3 0
1300 2 5 0.01
100 3 5 0.01
700 2 5 0.01
100 2 3 0.1
1300 3 5 0.001
1300 3 3 0
100 4 4 0.1
700 3 5 0
100 3 3 0.01
1300 4 4 0.01
1300 2 4 0.1
700 2 3 0
700 4 4 0.001
700 3 5 0.001
100 4 4 0.01
1300 3 3 0.1
1300 2 3 0.001
100 2 4 0
1300 4 3 0.001
1300 2 4 0
1300 3 3 0.01
100 2 5 0.1
1300 4 5 0
1300 3 5 0.1
1300 3 3 0.1
100 3 4 0.1
700 2 4 0.1
100 3 5 0
1300 2 3 0
100 3 5 0.1
700 2 5 0.001
100 3 3 0.001
700 2 3 0
100 2 4 0
700 3 5 0.001
100 3 4 0
700 2 3 0.001
700 4 5 0.001
700 4 3 0.001
700 3 5 0.01
100 2 5 0
1300 4 3 0.01
100 4 4 0
700 2 3 0.001
700 4 4 0
1300 4 4 0.1
1300 4 4 0.01
1300 2 5 0.01
100 4 4 0.1
1300 4 5 0.01
1300 4 5 0.1
1300 3 4 0
100 4 4 0.001
700 2 3 0
700 4 5 0
700 4 3 0.1
1300 2 3 0.1
700 4 4 0.001
1300 2 5 0.1
1300 4 4 0.1
1300 3 3 0.1
100 4 4 0
1300 4 4 0.001
1300 4 5 0
1300 3 4 0.1
100 4 5 0.01
1300 4 3 0.001
1300 3 3 0.001
100 3 3 0.1
1300 4 5 0.1
1300 3 3 0.001
100 4 4 0.001
700 3 4 0.001
100 3 4 0.001
700 2 3 0.01
700 4 4 0.01
700 2 3 0.1
100 2 3 0.01
100 4 5 0.01
700 4 3 0.001
1300 2 3 0
700 4 5 0
700 3 3 0
100 2 3 0.1
1300 2 5 0.01
1300 2 3 0.001
700 4 5 0.001
700 2 3 0.01
100 2 4 0
1300 3 3 0
100 4 3 0
700 2 3 0.1
700 4 5 0.1
700 3 3 0.01
700 4 4 0.1
700 3 4 0
100 2 3 0
1300 3 5 0
100 4 5 0.1
700 3 4 0
100 2 5 0.1
1300 3 5 0.001
1300 2 4 0.1
700 4 5 0.01
1300 2 5 0
1300 3 5 0.1
1300 2 5 0.1
700 4 4 0.1
1300 2 3 0.1
100 4 3 0.001
700 3 3 0
100 2 4 0.1
1300 3 5 0.1
******* BEST PARAMS *******
{'Num home factors': 5, 'Learning Rate': 1, 'Iterations': 1300, 'Num season factors': 4, 'Least Train Error': 9.981457878361823, 'Lambda': 0.001}
******* BEST PARAMS *******
--------------------------------------------------------------------------------
Progress: 20.0
2017-10-03 00:23:45.236242
--------------------------------------------------------------------------------
Test set [1953 2129 2156 2233 2242 2365 2378 2470 2557 2814 2859 2925 2953 2986]
--------------------------------------------------------------------------------
Current Error, Least Error, #Iterations
700 3 5 0.01
100 3 4 0
700 2 3 0.001
100 4 4 0
1300 4 3 0.001
1300 3 5 0.01
1300 4 5 0
1300 2 4 0.001
100 2 3 0.01
1300 4 3 0.001
100 4 4 0.1
700 3 3 0.1
100 3 4 0
1300 4 3 0
1300 2 3 0
1300 2 5 0
1300 2 4 0.1
100 2 5 0
1300 2 3 0.001
100 4 3 0.1
700 3 4 0.1
100 3 5 0.1
1300 3 5 0.01
700 2 4 0
100 3 5 0
700 2 4 0.01
1300 2 4 0.01
100 2 4 0.1
700 4 3 0.01
100 2 5 0
1300 3 5 0.01
100 2 4 0.001
1300 4 4 0.01
1300 3 3 0.1
700 4 4 0.001
100 3 5 0.01
700 2 5 0.1
1300 3 4 0.01
100 2 4 0.01
700 2 3 0.001
700 4 4 0.1
700 3 5 0
100 2 5 0.1
1300 4 4 0
1300 3 4 0.01
1300 3 5 0.1
1300 3 3 0.001
100 2 3 0.1
1300 2 3 0.1
1300 2 4 0.001
100 4 3 0.001
700 2 4 0.01
100 3 4 0.01
1300 3 3 0.001
100 4 3 0.001
700 2 5 0.001
100 4 4 0.1
1300 3 5 0.001
1300 2 5 0
1300 4 3 0.01
100 4 5 0.01
1300 4 5 0.01
1300 3 3 0.01
100 4 5 0.001
700 3 4 0.001
1300 2 5 0
100 3 3 0
700 3 4 0.1
100 3 3 0.1
1300 4 5 0.1
100 2 4 0
1300 4 5 0
1300 3 4 0.001
1300 4 5 0.001
1300 2 5 0.1
100 3 5 0
700 3 5 0.001
700 4 4 0.01
700 2 5 0
100 2 5 0.001
1300 3 5 0.1
700 4 3 0.1
100 3 3 0
1300 4 4 0.1
100 3 4 0.01
700 2 4 0.1
100 2 5 0.1
1300 4 5 0.001
1300 4 3 0.1
100 3 5 0.01
1300 4 4 0.1
700 2 5 0.01
100 3 4 0.1
700 2 3 0.01
100 4 3 0
700 2 5 0
100 3 5 0.001
1300 3 4 0
1300 3 4 0.01
700 4 5 0.1
700 4 3 0.1
1300 2 4 0.01
1300 2 4 0.01
100 4 5 0.1
700 2 4 0.001
100 2 5 0.01
700 2 4 0.001
100 3 3 0.001
1300 3 4 0
100 3 4 0.001
700 2 5 0.1
100 3 3 0.001
1300 4 4 0
1300 3 3 0.1
100 4 5 0
700 3 3 0
100 2 5 0.001
1300 4 4 0.1
1300 2 3 0
1300 3 4 0.001
100 4 3 0.001
1300 2 5 0.01
1300 2 5 0.01
1300 3 3 0
100 3 3 0.01
1300 4 5 0
1300 4 4 0
100 4 3 0.1
700 3 3 0.01
100 3 5 0.1
1300 2 3 0.01
100 4 5 0.01
700 4 3 0.1
1300 3 4 0
100 4 3 0
1300 4 5 0.1
1300 4 5 0.01
1300 2 3 0.1
100 3 4 0.001
1300 4 3 0
100 4 4 0.01
700 3 5 0.01
100 3 4 0.1
1300 4 5 0.1
1300 4 4 0.001
100 4 3 0.01
700 3 3 0
100 2 3 0.01
1300 4 5 0.001
1300 3 5 0
1300 3 5 0
100 2 3 0
700 3 4 0
100 4 4 0
700 3 4 0.01
100 3 4 0.01
1300 3 4 0.1
100 2 5 0
1300 4 3 0.01
100 4 5 0.001
1300 4 3 0.01
100 2 3 0.01
1300 2 3 0.1
1300 3 3 0.1
700 4 4 0
700 3 3 0.1
700 4 5 0.01
700 4 3 0.01
1300 2 5 0.01
100 3 5 0.01
1300 3 5 0.1
700 2 4 0.001
700 4 5 0.001
700 3 5 0
100 4 5 0.01
700 3 4 0.001
100 2 4 0.01
100 4 4 0.001
700 3 3 0.01
100 4 4 0.001
700 2 3 0.1
700 4 4 0.001
1300 4 3 0.1
1300 2 3 0.001
100 3 5 0.001
700 3 3 0.1
700 4 4 0.01
1300 4 5 0.01
700 2 3 0.1
1300 2 3 0
700 4 4 0.1
700 2 3 0.1
700 4 4 0
700 2 4 0
100 3 3 0
700 2 3 0
700 4 5 0
1300 4 4 0.01
100 4 3 0
700 2 5 0.01
1300 2 3 0.01
700 4 5 0.01
1300 3 5 0.001
700 2 3 0
1300 2 5 0.001
700 4 5 0.1
1300 2 4 0.001
1300 4 3 0.001
1300 2 4 0
100 3 4 0
1300 2 5 0.1
100 4 5 0
700 3 5 0.001
700 4 5 0
700 4 3 0.01
700 2 5 0.1
100 3 4 0.001
1300 4 4 0.001
100 2 3 0.1
700 3 4 0.1
100 4 4 0.001
700 3 3 0.01
700 4 5 0.001
700 4 3 0.001
700 4 4 0.001
700 3 5 0.01
100 4 5 0
700 4 3 0.001
100 2 4 0
1300 3 3 0.001
100 4 5 0.001
700 3 4 0.001
100 4 4 0.1
700 2 4 0.01
100 2 4 0.001
1300 3 3 0
100 3 3 0.001
700 2 5 0.01
100 4 3 0.1
700 3 5 0.1
100 3 5 0.001
700 2 4 0.1
100 3 3 0.01
700 3 4 0.01
100 3 3 0.1
1300 2 5 0.001
1300 3 4 0.001
1300 3 4 0.1
100 4 4 0.01
1300 3 4 0.1
1300 3 3 0.01
1300 3 3 0.01
700 4 5 0.001
700 3 3 0
100 2 3 0
100 4 4 0
700 3 4 0.01
700 4 4 0
700 4 3 0.001
1300 2 4 0
1300 2 5 0.001
100 4 4 0.01
700 2 3 0.01
100 2 4 0
700 4 3 0
100 2 5 0.1
1300 3 5 0.001
100 4 3 0.01
700 2 3 0.001
100 2 3 0
700 3 3 0.001
700 4 5 0
700 4 3 0
700 4 4 0.01
700 3 5 0.001
700 2 3 0.01
700 4 5 0.1
700 3 4 0
100 2 4 0.1
1300 3 5 0
700 3 5 0
100 2 3 0.001
1300 2 4 0
700 4 4 0.1
700 4 3 0
1300 3 3 0
100 3 5 0.1
700 3 3 0.001
1300 2 3 0.001
100 2 3 0.001
700 2 3 0
100 2 5 0.001
1300 4 3 0
100 2 4 0.01
1300 4 4 0.001
700 2 5 0
100 2 4 0.1
1300 4 4 0.01
100 2 3 0.001
700 2 4 0
100 2 4 0.001
700 2 4 0.1
100 3 3 0.01
100 4 5 0.1
700 3 5 0.1
700 4 5 0.01
700 3 5 0.1
700 3 4 0
100 2 3 0.1
1300 2 4 0.1
100 3 5 0
700 3 3 0.001
100 3 4 0.1
700 2 5 0.001
100 2 5 0.01
1300 2 5 0.1
100 2 5 0.01
1300 4 3 0.1
100 4 5 0.1
1300 2 4 0.1
1300 2 3 0.01
100 3 3 0.1
700 2 5 0.001
100 4 3 0.01
******* BEST PARAMS *******
{'Num home factors': 5, 'Learning Rate': 0.5, 'Iterations': 700, 'Num season factors': 4, 'Least Train Error': 10.08492657966432, 'Lambda': 0.001}
******* BEST PARAMS *******
--------------------------------------------------------------------------------
Progress: 30.0
2017-10-03 00:49:08.431500
--------------------------------------------------------------------------------
Test set [3009 3036 3224 3299 3367 3443 3456 3482 3506 3577 3649 3652 3723 3736]
--------------------------------------------------------------------------------
Current Error, Least Error, #Iterations
700 2 5 0
700 4 5 0.01
700 4 3 0.1
100 2 4 0.1
1300 4 3 0.01
700 3 4 0
100 3 3 0
100 4 5 0.01
700 3 5 0
1300 3 4 0.1
700 3 4 0.1
100 2 5 0.1
1300 4 5 0.1
1300 3 4 0.001
1300 2 4 0
1300 4 4 0.1
1300 3 4 0
700 2 3 0.1
700 4 4 0
700 2 4 0.001
700 4 5 0.1
700 4 3 0.001
1300 2 5 0.001
1300 4 4 0.001
1300 3 4 0.01
700 3 5 0.1
100 3 4 0.01
700 2 3 0.001
700 4 4 0.1
1300 4 4 0
700 3 4 0.01
700 4 4 0.1
700 3 4 0.01
100 2 4 0.001
1300 3 5 0.01
1300 3 4 0.01
100 4 5 0.001
700 3 3 0
100 2 3 0
1300 3 5 0.1
700 3 3 0.01
700 4 4 0.001
700 2 4 0
700 4 4 0.01
1300 4 4 0.001
1300 3 3 0.001
1300 2 3 0.001
100 3 3 0.1
700 2 4 0.1
700 4 5 0.01
1300 2 4 0.01
1300 4 3 0.1
100 2 5 0.001
1300 4 3 0
700 3 3 0.1
100 2 3 0.001
1300 2 5 0.1
1300 3 3 0
100 3 3 0.001
700 3 3 0
700 4 4 0.01
700 3 4 0
1300 2 5 0
100 3 5 0
700 3 4 0.001
100 2 4 0.001
1300 3 5 0.001
100 4 3 0.01
1300 3 5 0.001
1300 2 4 0.1
1300 2 4 0.1
1300 2 3 0.01
100 2 4 0.1
700 2 4 0.001
100 2 3 0.1
1300 3 3 0.01
100 2 3 0.01
1300 4 3 0.1
1300 4 3 0.001
100 3 5 0
700 4 3 0.001
100 4 4 0.1
700 3 4 0.001
100 3 5 0.01
1300 4 4 0
1300 3 3 0.1
100 2 3 0.1
1300 4 5 0.001
700 2 3 0.01
700 4 5 0.1
700 3 3 0.01
100 4 3 0
700 2 3 0.1
100 2 3 0.001
700 2 4 0
100 2 5 0
1300 4 5 0.001
1300 3 3 0.001
100 4 3 0.001
700 2 4 0.1
100 3 3 0.01
1300 3 5 0.01
100 2 5 0
700 3 3 0.001
100 3 3 0
1300 4 5 0
1300 4 3 0.01
1300 3 3 0.01
100 4 5 0.001
1300 4 5 0.001
1300 3 4 0.001
100 4 3 0.001
700 3 5 0
100 2 3 0.1
1300 4 4 0.1
1300 2 3 0.01
100 2 4 0.01
1300 4 3 0.001
100 4 5 0
1300 4 4 0.001
100 4 4 0
700 2 4 0.01
700 4 5 0.01
700 4 3 0.01
100 4 5 0.01
1300 4 5 0.1
1300 3 4 0
100 2 4 0
1300 4 4 0.01
700 2 3 0
100 2 3 0
100 3 5 0.1
700 2 5 0.1
100 4 4 0.001
700 3 3 0.01
100 3 4 0.01
1300 4 5 0.01
700 2 3 0.1
700 4 4 0.001
700 3 4 0.01
100 2 5 0.1
1300 2 3 0.001
1300 2 3 0.1
100 4 5 0.01
700 3 5 0.001
100 3 4 0.1
700 3 5 0
100 3 3 0.1
1300 4 4 0
1300 2 5 0.1
100 4 4 0
1300 4 3 0.1
100 4 4 0.1
700 3 5 0.001
1300 2 4 0
100 3 4 0.001
700 2 5 0.01
100 3 4 0.1
1300 4 3 0
100 4 3 0.1
700 2 3 0
700 4 4 0
700 2 5 0.1
100 2 5 0.01
1300 3 5 0.1
1300 3 3 0.1
100 4 4 0.1
1300 2 5 0
100 4 4 0.001
700 4 3 0
100 4 4 0.01
700 2 4 0
100 2 4 0.01
1300 3 4 0.001
1300 2 3 0
100 3 5 0.1
700 2 5 0.1
100 2 5 0.01
1300 4 4 0.01
1300 3 5 0
1300 2 3 0.001
700 4 4 0.001
1300 3 3 0.1
1300 2 5 0.01
1300 2 4 0.01
100 4 3 0.01
1300 2 3 0
100 4 3 0.01
700 2 5 0.001
100 3 4 0.01
700 2 4 0.001
100 2 4 0
1300 3 4 0.1
1300 3 4 0.01
100 3 4 0
700 3 3 0.1
100 2 3 0
1300 2 3 0.1
100 4 5 0.1
700 3 4 0.1
100 3 3 0
700 2 3 0.01
700 4 4 0.01
1300 3 5 0.01
100 4 3 0.001
700 3 3 0.001
100 3 5 0.001
1300 4 5 0
1300 4 3 0.01
1300 2 4 0.01
100 4 5 0.1
700 2 4 0.01
100 2 5 0
1300 2 4 0.001
100 4 3 0
700 3 4 0.001
1300 2 3 0.1
700 4 5 0.1
700 4 3 0
100 2 4 0
1300 2 5 0.001
100 4 5 0.001
700 3 3 0
100 2 3 0.01
1300 3 5 0
1300 4 4 0.01
1300 2 4 0.001
100 3 5 0.001
1300 4 3 0
100 3 5 0.01
700 2 5 0
100 2 5 0.1
700 2 5 0.01
100 2 4 0.001
1300 3 5 0.1
700 2 3 0
700 4 4 0
700 2 3 0.001
700 4 4 0.1
1300 2 3 0.01
100 4 5 0
700 2 5 0.01
100 2 5 0.01
1300 4 5 0.1
700 3 3 0.001
100 2 5 0.001
1300 3 4 0.1
100 3 5 0
1300 4 5 0.01
1300 3 5 0.001
100 4 4 0.01
700 3 5 0.1
1300 2 4 0.1
100 4 4 0.001
700 4 3 0.001
700 4 5 0
700 3 3 0.1
700 4 5 0
700 4 3 0
100 4 3 0.1
700 4 3 0.01
100 2 4 0.01
1300 2 4 0.001
100 3 4 0.001
700 2 5 0.001
100 3 4 0
700 4 3 0.1
100 2 4 0.1
1300 2 5 0
1300 2 3 0
700 4 5 0
700 2 5 0.001
700 4 5 0.001
700 4 3 0.01
100 4 5 0
700 3 5 0.01
700 4 5 0.001
700 2 3 0.001
100 2 3 0.01
1300 3 3 0
100 4 4 0
700 3 4 0.1
100 3 3 0.01
700 3 5 0.001
100 3 3 0.001
1300 3 3 0.001
100 3 5 0.01
700 3 5 0.1
100 4 3 0
1300 3 3 0.01
100 3 5 0.001
700 3 5 0.01
100 3 3 0.001
1300 3 5 0
1300 3 3 0
100 4 3 0.1
700 2 4 0.1
100 2 3 0.001
1300 4 4 0.1
1300 2 5 0.01
700 2 3 0.01
700 4 5 0.001
700 4 3 0.1
100 4 5 0.1
1300 2 5 0.1
1300 4 3 0.001
100 3 3 0.01
700 3 4 0
100 3 3 0.1
1300 3 4 0
1300 4 5 0
1300 2 5 0.001
100 3 5 0.1
700 3 5 0.01
100 3 4 0
1300 4 5 0.01
100 3 4 0.1
700 2 5 0
100 2 5 0.001
700 2 4 0.01
100 3 4 0.001
1300 2 4 0
1300 2 5 0.01
100 4 4 0.01
******* BEST PARAMS *******
{'Num home factors': 5, 'Learning Rate': 1, 'Iterations': 1300, 'Num season factors': 4, 'Least Train Error': 10.33666215011087, 'Lambda': 0.01}
******* BEST PARAMS *******
--------------------------------------------------------------------------------
Progress: 40.0
2017-10-03 01:12:17.527699
--------------------------------------------------------------------------------
Test set [3778 3829 3893 3967 4000 4031 4213 4297 4298 4342 4505 4732 4767 4874]
--------------------------------------------------------------------------------
Current Error, Least Error, #Iterations
700 3 5 0
700 4 5 0.1
700 2 5 0.01
700 4 5 0.01
700 4 3 0.001
700 3 3 0.01
700 4 4 0.001
700 3 3 0.001
700 4 5 0.1
700 4 3 0.01
1300 3 3 0
100 3 5 0.001
700 2 4 0
700 4 5 0
700 4 3 0
1300 2 5 0.01
1300 2 5 0
100 4 3 0.1
1300 4 5 0.1
1300 4 3 0.01
1300 2 4 0.001
700 4 5 0.001
700 4 3 0.1
1300 3 5 0.01
1300 3 3 0.001
100 2 4 0
1300 4 4 0.001
1300 3 4 0.1
1300 3 4 0.1
100 2 4 0.1
1300 4 4 0.1
1300 4 3 0.1
100 4 3 0.001
700 3 3 0.01
100 3 3 0.01
1300 4 3 0
1300 4 3 0
100 4 3 0.1
700 3 3 0
100 2 5 0
1300 4 3 0.01
700 4 3 0
100 2 3 0
1300 2 3 0.001
100 2 3 0
1300 4 3 0.001
1300 2 3 0.1
100 3 5 0
700 2 4 0.01
100 2 3 0.1
1300 3 5 0
700 2 3 0.1
700 4 4 0
700 2 5 0.001
100 2 5 0.01
1300 4 4 0
1300 4 3 0.001
100 4 3 0
700 2 5 0.1
100 2 4 0.01
1300 4 3 0.1
1300 3 3 0.01
100 4 3 0.01
700 2 4 0.1
100 2 4 0.001
1300 3 5 0.1
1300 3 3 0.1
100 4 4 0.01
700 2 4 0.001
100 2 3 0.001
1300 3 5 0.01
1300 3 3 0.001
100 3 5 0.1
700 3 4 0
100 3 5 0.001
700 3 3 0.01
100 2 3 0.01
1300 4 5 0.1
100 4 5 0.1
700 4 3 0.1
1300 2 4 0.001
100 2 4 0.01
700 3 3 0.001
100 2 3 0.1
1300 2 4 0.1
100 3 3 0
700 2 3 0.001
100 2 3 0.001
700 4 3 0.001
100 2 3 0.001
1300 2 5 0.001
100 3 5 0.01
700 2 4 0.1
100 2 3 0
700 3 3 0.1
700 4 5 0.01
700 3 4 0.001
100 3 3 0.1
1300 4 4 0.01
1300 4 4 0.01
100 4 5 0
700 3 5 0
100 3 5 0.1
1300 4 5 0
1300 3 5 0.1
1300 2 5 0.1
100 3 4 0
1300 4 5 0.01
1300 2 4 0.001
100 4 4 0
700 3 3 0.1
100 2 3 0.01
1300 3 5 0.001
1300 4 5 0.01
1300 4 5 0.1
1300 3 3 0.01
100 3 4 0
700 2 4 0.1
100 2 5 0.1
1300 3 3 0.01
100 3 4 0.001
700 3 3 0
100 2 4 0
700 3 5 0.01
100 3 3 0.001
1300 3 4 0.01
1300 2 4 0.01
100 2 4 0.001
1300 4 4 0.1
100 4 5 0.01
700 4 3 0.001
100 4 3 0.001
700 2 4 0
100 2 4 0.1
1300 3 4 0
1300 4 3 0.001
1300 2 5 0.001
100 2 5 0.001
700 3 4 0.1
100 3 3 0.01
1300 4 4 0.001
1300 3 3 0
100 3 4 0.01
1300 2 5 0.001
1300 2 3 0
100 3 4 0.01
700 2 4 0.001
100 2 5 0
700 2 3 0.001
700 4 4 0.01
700 3 4 0.1
100 3 3 0.001
1300 4 5 0.001
1300 2 5 0.1
1300 2 4 0.01
1300 2 5 0
100 2 3 0.1
700 4 3 0.01
100 2 3 0.01
1300 2 5 0.01
100 4 3 0
700 3 3 0.001
100 3 3 0.1
700 3 4 0.01
100 2 4 0.1
1300 3 3 0.1
100 4 5 0
700 3 3 0.1
100 2 5 0.01
700 2 5 0.001
100 3 3 0
1300 3 5 0.001
100 4 4 0
700 2 5 0.001
100 3 4 0.001
700 3 4 0.001
100 2 5 0
1300 3 4 0
100 4 5 0.01
700 2 5 0.1
100 3 3 0.01
1300 2 4 0
100 4 4 0.1
700 3 5 0.01
1300 2 3 0.001
100 3 3 0
700 2 3 0
100 2 4 0.001
1300 3 4 0.001
1300 2 5 0.1
100 3 5 0.001
1300 2 3 0.001
100 4 5 0.001
700 3 5 0.001
100 4 5 0.001
700 3 4 0
100 4 3 0.01
700 4 3 0.1
700 4 4 0.1
700 4 3 0.01
100 4 3 0.01
700 2 4 0.01
100 3 3 0.001
700 2 5 0.01
100 2 4 0
1300 3 5 0
1300 3 3 0.001
100 3 5 0.01
1300 4 4 0
1300 4 4 0.01
1300 3 3 0.1
100 3 5 0.1
700 2 4 0.001
100 2 4 0.01
1300 4 3 0.1
100 4 4 0.01
700 3 4 0.001
100 3 5 0
1300 3 4 0.001
1300 3 3 0
1300 2 4 0
100 4 3 0
700 2 4 0.01
100 3 3 0.1
700 2 3 0.01
700 4 4 0.1
700 3 5 0.001
100 4 4 0
1300 4 5 0.001
1300 2 3 0.1
100 3 5 0
700 2 5 0.01
100 2 5 0.1
700 2 5 0.1
100 2 5 0.01
1300 3 5 0.01
1300 3 4 0
100 3 4 0.1
1300 4 4 0.001
1300 4 4 0
1300 2 5 0.01
100 4 3 0.1
700 3 4 0
100 3 4 0.001
700 2 3 0.001
700 4 4 0
700 3 5 0
100 4 3 0.001
700 3 3 0
700 4 5 0.001
700 4 3 0
100 4 4 0.1
700 3 4 0.01
100 4 4 0.001
1300 4 5 0
700 2 3 0
700 4 4 0.001
700 3 5 0.01
100 4 4 0.1
1300 3 5 0
1300 2 4 0
100 4 5 0.1
700 3 4 0.1
100 4 4 0.01
1300 2 4 0.1
1300 4 5 0
1300 3 4 0.1
100 4 5 0.01
1300 3 5 0.001
1300 4 5 0.01
1300 3 4 0.001
100 4 5 0.001
700 2 5 0
100 3 4 0.1
1300 4 5 0.001
1300 3 4 0.01
100 4 5 0
700 3 5 0.1
100 3 4 0.01
700 2 3 0.1
700 4 4 0.01
700 3 5 0.1
100 4 5 0.1
700 2 3 0.01
700 4 5 0
700 3 5 0.1
100 4 4 0.001
700 2 3 0
700 4 4 0
1300 3 4 0.01
1300 2 3 0.01
100 3 4 0.1
700 2 5 0
700 4 4 0.01
700 3 5 0.001
100 2 5 0.001
1300 3 5 0.1
1300 2 4 0.1
700 4 4 0.1
700 2 4 0
100 3 4 0
1300 4 4 0.1
1300 2 3 0.01
700 4 4 0.001
1300 2 3 0.01
100 3 5 0.01
700 2 5 0
100 2 5 0.1
700 2 3 0.01
700 4 5 0.001
1300 2 4 0.01
1300 4 3 0.01
1300 2 3 0
700 4 5 0.01
1300 2 3 0
100 4 4 0.001
700 3 4 0.01
100 2 5 0.001
700 2 3 0.1
700 4 5 0
1300 2 5 0
1300 4 3 0
1300 2 3 0.1
700 4 5 0.1
******* BEST PARAMS *******
{'Num home factors': 5, 'Learning Rate': 0.5, 'Iterations': 700, 'Num season factors': 4, 'Least Train Error': 10.467251873387946, 'Lambda': 0.001}
******* BEST PARAMS *******
--------------------------------------------------------------------------------
Progress: 50.0
2017-10-03 01:40:13.800022
--------------------------------------------------------------------------------
Test set [4922 4946 4957 4998 5026 5109 5209 5218 5357 5371 5439 5673 5677 5746]
--------------------------------------------------------------------------------
Current Error, Least Error, #Iterations
1300 4 3 0.01
100 4 3 0.01
700 2 4 0.01
700 4 5 0
700 4 3 0
700 3 4 0.001
100 2 4 0.1
1300 4 5 0.001
1300 3 4 0.1
700 3 5 0.01
100 3 3 0.01
1300 4 5 0.01
100 4 3 0.1
1300 4 5 0
1300 3 3 0.1
100 3 5 0.1
700 2 5 0
700 4 5 0.01
700 4 3 0.01
700 3 3 0
700 4 4 0.001
700 2 4 0
700 4 5 0.001
700 4 3 0.001
1300 3 5 0.01
1300 2 4 0.01
1300 2 5 0.01
100 2 4 0.01
700 4 3 0.1
700 4 4 0
700 3 4 0
100 2 5 0.001
1300 4 3 0.1
700 2 4 0.1
100 2 5 0.1
1300 3 3 0.1
100 2 4 0.001
1300 4 3 0.001
1300 3 3 0
100 3 5 0
700 2 4 0.1
100 3 3 0
1300 4 4 0.01
1300 2 3 0
100 3 5 0.001
700 2 4 0.001
700 4 5 0.1
700 4 3 0.1
1300 2 3 0.01
100 4 3 0
700 2 5 0.01
100 2 4 0.1
1300 4 3 0.01
700 4 3 0.001
700 4 4 0.01
700 3 3 0.01
100 3 3 0.001
1300 4 4 0.1
1300 2 3 0.001
1300 2 3 0
100 2 5 0.1
1300 3 5 0.1
1300 2 3 0.1
100 4 3 0.001
700 3 3 0.001
100 2 3 0.001
1300 3 5 0.01
1300 4 4 0.001
1300 4 4 0.001
1300 3 4 0
100 4 4 0.001
1300 3 4 0.01
1300 3 3 0
100 4 5 0.01
700 3 5 0
100 2 3 0.001
1300 3 3 0.01
100 3 5 0.01
700 3 4 0.001
100 2 3 0
1300 3 5 0
1300 2 4 0.01
1300 2 3 0.1
100 2 3 0.01
1300 4 3 0
1300 4 5 0.1
100 4 5 0.1
700 3 4 0.01
1300 2 4 0.1
100 2 4 0.001
1300 2 5 0.01
100 4 4 0.001
700 3 5 0.001
100 2 4 0.01
1300 4 4 0
1300 2 5 0.001
1300 3 4 0
1300 2 3 0.01
100 2 3 0
700 3 5 0.001
700 4 4 0.1
700 2 5 0.1
100 2 5 0
1300 4 5 0.001
700 2 3 0
700 4 5 0
700 3 3 0.1
100 2 4 0
1300 4 4 0.001
1300 2 5 0.1
1300 3 4 0.01
1300 3 4 0.001
100 2 5 0.01
1300 4 5 0.001
1300 2 3 0.01
100 3 4 0
700 2 5 0.001
100 2 5 0
700 2 3 0.1
100 2 4 0
1300 2 3 0.001
100 3 4 0.1
700 2 4 0.001
100 2 3 0.01
700 4 3 0.01
100 2 4 0.001
1300 4 4 0.1
1300 3 3 0.1
100 3 3 0.001
1300 3 5 0.001
1300 3 4 0.001
1300 3 3 0.001
100 2 4 0
700 2 3 0.01
100 2 3 0.001
1300 2 4 0
100 3 4 0.001
700 2 3 0.01
100 2 5 0.001
1300 3 4 0.001
1300 4 5 0.1
100 4 3 0.001
700 2 5 0
100 3 3 0
1300 4 4 0
100 4 5 0.001
700 3 5 0
100 4 5 0.1
700 3 4 0
100 3 4 0.1
700 2 5 0
100 3 4 0.01
700 2 3 0.01
700 4 4 0.001
700 3 5 0.001
100 4 3 0.1
700 3 5 0
100 2 5 0.001
1300 4 3 0.01
1300 2 3 0.001
100 3 4 0
1300 2 4 0.1
100 4 3 0.1
700 2 5 0.001
100 4 3 0.01
700 3 3 0
100 2 5 0.1
700 3 3 0.01
100 3 4 0
1300 4 4 0
1300 2 4 0.01
100 2 4 0.1
700 4 3 0
100 2 5 0.01
1300 2 4 0.001
100 3 5 0
1300 4 5 0.01
1300 2 4 0
1300 3 3 0.01
100 2 5 0.01
700 2 3 0.1
100 2 3 0.1
700 2 4 0.001
100 3 4 0.001
1300 4 4 0.01
1300 2 3 0.1
100 3 4 0.01
1300 4 5 0.01
1300 2 5 0.1
100 4 4 0.01
700 3 4 0.001
100 4 4 0.01
700 3 5 0.1
100 3 4 0.1
1300 3 5 0.01
1300 2 5 0
100 3 5 0.1
1300 2 4 0.001
700 2 3 0
700 4 4 0
700 3 4 0.1
100 4 3 0.01
1300 3 3 0.001
100 4 5 0.01
700 4 3 0
100 4 5 0.001
700 3 4 0.01
100 4 3 0
700 2 5 0.1
100 3 3 0.1
700 2 3 0.001
700 4 4 0.1
700 3 5 0.1
100 4 4 0.1
700 3 4 0
700 4 5 0.01
700 4 3 0.01
1300 2 5 0.001
100 3 5 0.001
1300 4 3 0.001
100 4 4 0.01
700 3 5 0.01
100 3 5 0.1
700 2 4 0.1
100 3 4 0.001
1300 4 3 0
100 4 4 0
700 3 4 0.1
100 3 3 0.1
1300 4 5 0.1
1300 3 5 0.1
1300 3 5 0.001
100 4 4 0.001
700 3 3 0.001
100 3 3 0.1
1300 3 4 0.1
1300 2 5 0
1300 3 3 0
100 3 3 0.01
700 2 5 0.001
700 4 5 0.1
700 4 3 0.001
100 4 5 0
700 3 3 0.1
100 4 3 0.001
700 3 3 0.1
100 2 5 0
1300 3 5 0
100 3 4 0.01
700 2 5 0.01
100 3 5 0
700 2 3 0.001
700 4 5 0.001
700 4 3 0.1
1300 3 3 0.01
100 4 4 0
1300 4 4 0.01
1300 2 5 0.01
1300 2 4 0.001
100 3 5 0.01
1300 2 5 0
1300 4 3 0
1300 2 5 0.1
100 4 5 0
1300 3 4 0
100 4 4 0.1
700 3 3 0
100 2 3 0.1
1300 3 5 0.001
100 4 5 0.001
1300 4 5 0
700 2 3 0.1
700 4 4 0.01
700 3 5 0.01
100 4 5 0.1
1300 3 5 0
1300 3 4 0.1
1300 3 4 0.01
100 4 5 0.01
1300 4 3 0.1
100 4 5 0
700 3 5 0.1
100 3 3 0.01
700 2 3 0
700 4 4 0
700 2 4 0.01
100 2 3 0
1300 2 5 0.001
1300 2 3 0
700 4 4 0.001
700 3 3 0.001
100 2 4 0.01
1300 3 5 0.1
100 3 5 0.01
700 2 4 0.01
700 4 4 0.1
1300 4 4 0.1
1300 4 5 0
1300 2 4 0
700 4 4 0.01
700 2 4 0
100 2 3 0.1
1300 2 4 0.1
100 3 5 0.001
700 2 5 0.1
700 4 5 0
700 3 4 0.1
100 3 3 0
1300 4 3 0.1
100 4 3 0
700 2 4 0
700 4 5 0.001
700 3 4 0.01
100 3 3 0.001
1300 4 3 0.001
100 4 4 0
700 3 3 0.01
700 4 5 0.1
700 2 5 0.01
100 2 3 0.01
1300 3 3 0.001
100 4 4 0.1
700 2 3 0.001
700 4 5 0.01
******* BEST PARAMS *******
{'Num home factors': 5, 'Learning Rate': 1, 'Iterations': 1300, 'Num season factors': 4, 'Least Train Error': 10.250932452729293, 'Lambda': 0}
******* BEST PARAMS *******
--------------------------------------------------------------------------------
Progress: 60.0
2017-10-03 02:08:05.977556
--------------------------------------------------------------------------------
Test set [5785 5814 5817 6072 6121 6139 6266 6418 6498 6636 6692 6836 6910 7016]
--------------------------------------------------------------------------------
Current Error, Least Error, #Iterations
1300 2 3 0.001
100 3 5 0.1
700 2 5 0
100 2 3 0.01
1300 4 3 0
1300 2 4 0
1300 4 5 0.01
1300 3 4 0.1
1300 3 5 0
1300 2 3 0.01
700 4 5 0.1
700 4 3 0.01
700 2 4 0.01
100 2 4 0.1
1300 4 3 0.01
1300 3 3 0
100 2 4 0.001
700 2 3 0.01
700 4 4 0.01
700 2 5 0.01
100 2 3 0
1300 4 3 0.01
1300 2 4 0.001
1300 2 4 0.01
100 4 4 0.001
700 3 3 0.1
100 2 3 0.1
700 3 5 0.001
100 3 3 0.1
1300 4 3 0.001
1300 2 4 0.01
100 3 3 0.001
1300 4 3 0.1
100 3 5 0.001
700 2 4 0.01
700 4 5 0.001
700 4 3 0.001
1300 3 5 0.01
1300 2 5 0
1300 2 5 0.01
100 4 3 0.01
700 3 3 0.1
100 2 4 0.001
100 4 4 0.1
700 3 5 0
100 2 4 0.01
1300 4 3 0.1
1300 4 3 0.001
1300 2 3 0.001
100 2 5 0.01
1300 3 5 0.001
1300 3 3 0.01
100 3 5 0.01
700 2 4 0.001
700 4 5 0.01
700 4 3 0.1
1300 4 3 0
100 4 4 0.01
700 3 5 0.001
1300 2 3 0.01
700 4 4 0.1
1300 3 4 0.001
1300 2 3 0
100 2 3 0.1
1300 4 3 0.001
700 2 3 0.001
700 4 4 0
700 2 4 0.1
100 2 5 0.001
1300 3 5 0.01
1300 2 5 0.01
100 4 3 0.01
700 3 4 0
100 3 3 0
1300 4 5 0
1300 2 5 0
1300 3 3 0
100 3 3 0.01
1300 4 5 0.001
1300 2 4 0.1
1300 2 4 0.1
100 3 4 0.01
1300 4 5 0.01
700 3 5 0
100 3 4 0.001
1300 2 5 0.001
1300 2 4 0
100 3 4 0.01
1300 4 5 0.01
1300 4 5 0.1
1300 3 4 0.01
100 4 5 0.01
700 2 4 0.001
100 2 4 0.01
1300 3 4 0.01
100 4 3 0
700 2 5 0
100 2 4 0.1
700 2 3 0.1
700 4 5 0
700 2 5 0.1
100 4 5 0
700 3 3 0.001
100 2 5 0
1300 3 5 0.001
1300 4 3 0.1
100 3 5 0.001
700 2 5 0.001
100 2 3 0
700 3 3 0.001
700 4 5 0.001
700 4 3 0.001
100 3 5 0.01
700 2 4 0.001
100 3 3 0
1300 4 4 0.1
1300 4 5 0
1300 2 5 0
100 2 4 0
700 3 3 0
100 2 3 0.01
1300 3 5 0.01
1300 3 3 0.001
100 2 5 0.01
1300 3 3 0.1
100 4 5 0.001
700 3 4 0.1
100 4 4 0
700 3 3 0
100 2 3 0.001
700 2 5 0.001
100 2 5 0
1300 3 3 0.001
100 2 4 0.001
1300 4 4 0.001
1300 2 3 0.1
100 4 3 0.1
700 4 3 0
100 3 4 0.001
1300 4 4 0
1300 3 3 0.001
100 4 4 0
700 3 5 0.1
100 3 3 0.1
1300 4 5 0.1
1300 2 3 0
100 4 3 0
700 3 3 0.1
100 3 4 0.1
700 2 5 0.01
100 3 3 0.1
700 3 3 0.01
700 4 4 0.1
700 3 3 0
100 2 3 0.001
1300 3 5 0
1300 2 4 0.01
1300 3 5 0.001
100 2 5 0.1
1300 4 4 0.01
700 3 4 0
100 3 4 0
1300 4 4 0.1
1300 2 3 0.1
100 2 4 0.01
700 2 5 0
100 2 5 0.001
1300 3 5 0.1
1300 2 5 0.1
100 3 4 0
1300 4 4 0.01
1300 2 3 0.1
100 4 3 0.01
700 2 4 0.1
100 2 5 0.1
700 4 3 0.001
100 3 3 0.001
100 4 5 0.1
700 3 4 0.001
100 3 5 0
700 2 3 0.1
100 2 5 0.001
1300 2 5 0.001
100 4 3 0.001
700 3 4 0.01
100 4 4 0.1
700 3 3 0.01
700 4 5 0.01
700 3 5 0.1
100 2 5 0.01
1300 4 3 0
100 4 5 0.1
700 3 4 0.1
100 3 5 0
1300 3 3 0
100 4 5 0
700 3 5 0.01
100 4 5 0.01
700 2 5 0.1
100 3 3 0.01
700 2 3 0
700 4 4 0.001
700 2 5 0.001
100 2 5 0
1300 4 4 0.1
700 3 4 0.001
100 2 5 0.1
1300 4 4 0
1300 3 3 0.01
100 3 4 0.1
700 2 5 0.01
100 2 4 0
1300 4 4 0.001
1300 2 5 0.001
100 4 3 0.1
700 4 3 0.1
100 2 3 0.001
1300 2 4 0.001
100 4 3 0.1
700 2 4 0.01
100 2 3 0.01
1300 4 5 0.1
700 2 3 0.001
700 4 4 0.001
700 3 5 0
100 3 4 0.001
1300 3 4 0.1
100 4 5 0.01
700 4 3 0.01
100 3 5 0.1
700 3 4 0
100 3 5 0.001
1300 3 4 0
1300 2 5 0.1
1300 2 4 0.1
100 4 3 0.001
1300 2 5 0.1
1300 3 4 0.001
100 4 4 0.01
700 3 4 0.01
100 4 4 0
1300 4 3 0.01
100 4 4 0.001
700 3 3 0.01
100 2 4 0
1300 3 5 0.1
1300 3 4 0.01
700 2 3 0.01
700 4 4 0
700 3 5 0.001
100 4 3 0
700 3 4 0.01
700 4 5 0.1
700 4 3 0.1
100 4 5 0.001
700 3 4 0.001
100 3 5 0.1
700 2 4 0
100 3 4 0.01
1300 4 4 0.01
1300 3 4 0
100 4 5 0
1300 3 5 0.1
700 2 3 0.1
700 4 4 0.1
700 3 5 0.01
100 4 4 0.1
700 3 5 0.01
100 2 3 0
1300 2 5 0.01
1300 2 4 0.001
100 3 5 0.01
1300 4 5 0
700 2 3 0
700 4 4 0.01
700 3 5 0.1
100 4 4 0.01
1300 2 3 0.01
100 3 5 0
700 2 4 0
700 4 5 0
700 4 3 0
100 4 5 0.1
1300 4 4 0
1300 3 4 0.1
1300 3 3 0.1
100 4 4 0.001
700 2 4 0.1
100 3 3 0
1300 3 3 0.01
100 4 3 0.001
700 2 3 0
700 4 4 0.01
700 2 5 0.1
100 3 3 0.01
1300 4 5 0.001
1300 3 4 0.001
100 4 5 0.001
700 4 3 0
700 4 5 0.01
700 3 3 0.001
100 3 4 0
700 2 4 0
700 4 5 0
1300 4 5 0.001
1300 2 4 0
100 3 3 0.001
700 2 3 0.001
700 4 4 0
700 3 4 0.1
100 3 4 0.1
1300 3 3 0.1
100 2 4 0.1
700 2 3 0.01
700 4 5 0.001
700 4 3 0.01
100 2 3 0.1
1300 3 5 0
1300 2 3 0
700 4 4 0.001
1300 4 4 0.001
1300 3 4 0
1300 2 3 0.001
700 4 5 0.1
******* BEST PARAMS *******
{'Num home factors': 4, 'Learning Rate': 1, 'Iterations': 700, 'Num season factors': 2, 'Least Train Error': 9.634442657983138, 'Lambda': 0}
******* BEST PARAMS *******
--------------------------------------------------------------------------------
Progress: 70.0
2017-10-03 02:36:33.934342
--------------------------------------------------------------------------------
Test set [7024 7057 7319 7390 7429 7510 7597 7641 7731 7741 7769 7793 7800 7866]
--------------------------------------------------------------------------------
Current Error, Least Error, #Iterations
700 2 4 0.001
100 3 4 0.01
700 2 4 0
700 4 4 0.1
700 3 5 0.01
1300 2 3 0.1
100 3 5 0.01
700 2 5 0.1
100 2 4 0
1300 4 4 0.1
700 2 3 0.01
700 4 5 0
700 3 3 0.001
100 2 3 0.001
1300 3 5 0
700 3 3 0.1
700 4 5 0.001
700 2 5 0
100 2 4 0.001
1300 4 3 0.001
1300 4 5 0
700 2 4 0.01
700 4 5 0.01
700 4 3 0.1
700 3 5 0
100 3 4 0
700 2 4 0.1
700 4 5 0.001
700 4 3 0.001
1300 2 5 0.1
1300 3 3 0
100 4 3 0.1
700 2 3 0.01
100 2 4 0.001
700 3 3 0
100 2 3 0.001
100 3 5 0.001
700 3 3 0
100 2 3 0.1
1300 4 3 0
700 3 3 0.01
700 4 5 0.01
700 2 5 0.001
100 2 4 0.1
1300 4 3 0.01
700 4 3 0
700 4 4 0
100 4 3 0
700 3 3 0.01
100 2 4 0.01
1300 3 5 0.01
1300 2 4 0
100 4 4 0.001
700 4 3 0
100 2 3 0
1300 3 5 0.001
1300 4 4 0.01
1300 3 5 0.001
1300 3 4 0.01
1300 3 4 0
1300 4 3 0.001
100 4 5 0.1
700 3 3 0.1
100 2 5 0
1300 4 4 0.001
1300 2 5 0.1
100 3 3 0.01
1300 4 4 0
1300 4 3 0.1
100 4 5 0
700 4 3 0.1
100 3 5 0
700 2 4 0.001
100 2 4 0
1300 3 3 0.1
100 4 3 0.01
700 3 3 0.1
100 2 5 0.001
1300 3 5 0.1
700 2 3 0
100 2 3 0.1
1300 2 5 0.001
1300 2 4 0.001
100 3 4 0.001
700 3 5 0.1
100 2 4 0
1300 3 3 0.01
100 3 3 0
1300 4 5 0.01
1300 4 3 0.01
1300 2 3 0.1
100 2 3 0.01
1300 4 3 0.1
700 2 4 0.01
100 2 4 0.001
1300 3 3 0.1
100 4 3 0.001
700 2 4 0.1
100 2 4 0.1
700 2 5 0.01
100 3 3 0.01
1300 4 5 0.001
1300 3 4 0.001
100 3 5 0
700 4 3 0.01
700 4 4 0.01
100 4 3 0.001
700 3 4 0.01
100 2 5 0.01
1300 4 5 0.001
1300 3 3 0
1300 2 3 0
100 3 4 0.001
700 2 4 0.01
100 3 3 0.001
1300 3 3 0.001
100 4 5 0.1
700 3 5 0.001
100 3 3 0.001
1300 4 5 0
700 2 3 0.001
100 2 4 0.1
1300 4 3 0.01
1300 2 3 0.01
100 2 3 0.01
700 3 4 0.001
100 2 3 0.01
1300 2 5 0.01
1300 2 3 0
100 2 5 0.1
1300 2 3 0
1300 2 3 0.001
100 3 4 0
700 2 4 0
100 2 3 0.1
1300 4 4 0.1
1300 3 4 0.001
100 4 3 0.01
700 3 3 0.001
100 3 4 0
1300 2 4 0.1
1300 2 3 0.01
100 2 5 0.1
1300 4 4 0.01
1300 3 5 0.1
1300 2 4 0.001
1300 2 4 0.1
100 2 3 0
700 4 3 0.1
700 4 4 0.001
100 4 4 0
700 4 3 0.01
1300 2 3 0.1
100 3 3 0
1300 3 5 0
1300 3 4 0
1300 3 4 0
100 4 5 0.001
1300 2 3 0.01
100 3 5 0.1
700 2 5 0.01
100 2 5 0
1300 4 4 0.001
1300 3 5 0.01
1300 3 5 0
1300 2 5 0.01
100 3 3 0.01
1300 2 5 0
1300 4 3 0.1
1300 3 3 0
100 3 4 0.1
1300 3 4 0.01
1300 2 4 0.01
100 4 4 0.01
700 2 5 0.1
100 2 5 0.001
1300 4 5 0.1
700 2 4 0.001
700 4 5 0
700 4 3 0
100 4 4 0.01
1300 4 4 0
1300 4 3 0
1300 2 4 0
100 3 3 0.1
1300 4 3 0
100 4 5 0.001
700 3 4 0.001
100 3 5 0.001
700 3 3 0
100 2 3 0.001
700 2 5 0.1
100 2 5 0
1300 3 3 0.001
100 4 4 0
700 2 5 0.01
100 3 4 0.01
700 3 4 0.01
100 3 4 0.001
1300 4 4 0
1300 3 3 0.001
100 2 4 0.01
700 3 5 0.01
100 2 4 0.01
1300 2 4 0.1
100 4 4 0.001
700 3 3 0.01
100 3 5 0.001
1300 2 5 0.001
700 2 3 0.01
700 4 4 0
700 3 4 0
100 3 5 0.1
700 3 3 0.001
700 4 4 0.1
700 3 4 0
100 3 3 0.1
1300 4 5 0.1
1300 2 3 0.001
100 4 4 0.01
700 3 4 0.1
100 3 5 0.1
700 2 5 0.001
100 2 5 0.01
700 2 5 0.001
100 3 4 0.1
700 2 3 0.1
700 4 5 0.1
700 4 3 0.01
100 3 5 0.01
700 2 5 0
100 3 3 0.001
700 2 3 0
700 4 4 0.001
700 3 4 0.01
100 4 3 0
1300 2 4 0.01
1300 3 4 0.1
1300 2 4 0.01
100 4 5 0.01
700 2 4 0
100 2 5 0.001
1300 3 5 0.01
1300 3 3 0.01
100 4 3 0.1
1300 3 5 0.001
1300 4 4 0.1
1300 2 5 0
100 4 4 0.001
1300 3 4 0.001
700 2 3 0.001
700 4 4 0.01
700 3 5 0.1
100 4 3 0.01
1300 4 3 0.001
100 3 5 0
1300 4 5 0.1
1300 2 5 0.001
100 4 3 0.001
700 3 5 0.001
100 2 5 0.01
1300 4 5 0
1300 3 4 0.1
100 4 5 0
700 3 4 0.1
100 3 3 0.1
1300 4 5 0.01
1300 2 5 0.1
100 4 4 0.1
1300 2 5 0.01
1300 4 4 0.01
1300 3 3 0.1
100 4 4 0
700 4 3 0.001
700 4 5 0.1
700 3 5 0
100 4 5 0.001
700 3 5 0
100 4 5 0.1
1300 2 4 0.001
100 4 5 0.01
700 4 3 0.001
100 4 5 0
700 3 5 0.001
700 4 4 0
1300 3 4 0.1
1300 2 5 0
100 3 4 0.1
700 2 3 0.001
700 4 4 0.001
700 2 3 0.1
100 2 3 0
100 4 4 0.1
700 3 5 0.1
100 3 5 0.01
700 2 5 0
700 4 4 0.01
1300 3 3 0.01
100 4 3 0.1
700 3 5 0.01
100 4 5 0.01
700 3 4 0.1
700 4 4 0.1
1300 4 5 0.01
1300 4 4 0.001
100 4 4 0.1
700 3 4 0.001
700 4 5 0.001
700 3 4 0
100 3 3 0
1300 3 5 0.1
1300 2 3 0.001
700 4 5 0.1
1300 4 5 0.001
1300 2 4 0
100 4 3 0
700 2 3 0.1
700 4 5 0
700 2 4 0.1
100 2 5 0.1
1300 3 4 0.01
100 3 4 0.01
700 2 3 0
700 4 5 0.01
******* BEST PARAMS *******
{'Num home factors': 3, 'Learning Rate': 0.5, 'Iterations': 700, 'Num season factors': 3, 'Least Train Error': 10.473827240502036, 'Lambda': 0.001}
******* BEST PARAMS *******
--------------------------------------------------------------------------------
Progress: 80.0
2017-10-03 03:03:47.788377
--------------------------------------------------------------------------------
Test set [7982 8031 8047 8142 8236 8243 8317 8626 9052 9134 9195 9215 9233 9484]
--------------------------------------------------------------------------------
Current Error, Least Error, #Iterations
700 4 3 0.01
100 2 4 0.01
100 4 3 0.1
700 2 3 0.001
700 4 5 0.1
700 4 3 0.01
700 4 3 0.001
100 2 3 0.01
1300 2 3 0.1
100 2 5 0.001
1300 4 5 0
1300 3 3 0.01
100 4 4 0.1
700 2 5 0.1
100 2 3 0.01
1300 4 3 0.001
700 2 4 0.001
100 2 5 0.001
1300 4 4 0.1
1300 2 5 0
1300 4 5 0.001
700 2 4 0.001
700 4 4 0.01
700 4 3 0
700 3 5 0
100 2 4 0.1
1300 3 5 0.01
1300 3 5 0.1
700 2 5 0
100 3 4 0
700 2 3 0.01
700 4 4 0.1
700 3 5 0.1
700 3 4 0
100 2 3 0
100 4 3 0.01
1300 4 5 0.1
1300 2 5 0.1
700 2 4 0.01
100 2 5 0
100 4 4 0.001
700 3 4 0.001
100 2 4 0.1
1300 4 3 0
700 3 3 0.1
700 4 4 0.01
700 3 3 0.1
100 2 4 0.001
1300 4 3 0.01
700 2 3 0.001
700 4 5 0.001
700 3 5 0.01
100 3 3 0
1300 4 4 0.1
1300 2 4 0
700 2 4 0
100 2 3 0
1300 4 3 0.1
700 2 5 0.001
100 2 5 0.1
1300 3 4 0.01
100 3 3 0.01
1300 3 4 0.1
1300 3 4 0.01
100 4 5 0.1
700 4 3 0.1
100 4 4 0
700 3 3 0
100 2 5 0.001
1300 3 3 0.001
100 3 5 0.001
700 2 5 0
100 2 3 0.001
1300 3 5 0.01
700 2 3 0.1
700 4 4 0.001
1300 4 5 0.01
1300 3 4 0.001
1300 3 5 0
1300 3 3 0.01
1300 2 3 0.1
100 2 4 0.01
1300 4 3 0
100 3 5 0.01
700 2 5 0.01
100 2 5 0.1
1300 4 4 0.01
700 3 3 0
700 4 5 0
700 3 5 0
100 3 4 0
700 2 4 0.01
100 2 4 0
1300 3 3 0.1
100 4 4 0
700 3 3 0.01
100 2 5 0.01
1300 4 5 0.001
700 3 4 0.1
700 4 5 0.01
700 3 4 0.1
100 3 3 0.001
1300 4 4 0
1300 4 3 0.01
100 3 5 0.1
700 3 4 0
100 2 5 0
1300 4 5 0.01
700 2 4 0.1
100 2 5 0.01
1300 4 3 0.001
1300 2 3 0.01
100 2 5 0.01
1300 4 5 0.01
1300 2 5 0.01
100 3 3 0.1
1300 4 5 0.1
1300 2 3 0.01
100 4 5 0.001
700 3 5 0.1
100 3 5 0.001
700 2 5 0.01
100 2 3 0.01
1300 4 3 0.1
1300 2 4 0.01
100 4 4 0.001
700 3 3 0.01
100 2 3 0.001
700 4 3 0
700 4 5 0.1
700 4 3 0
100 3 4 0.1
700 2 3 0.01
100 2 3 0
1300 4 4 0.001
1300 3 4 0.001
100 4 5 0.01
700 3 4 0.1
100 4 5 0
1300 3 4 0.001
700 2 3 0
700 4 4 0
700 3 5 0
100 2 5 0.1
1300 2 4 0.1
1300 3 3 0
1300 2 3 0
100 3 4 0
1300 3 4 0
1300 3 3 0.001
100 4 4 0.01
700 3 3 0.001
100 3 3 0.01
700 3 5 0.001
100 2 3 0.001
1300 2 3 0
100 4 3 0.01
700 2 3 0.1
100 2 3 0.1
1300 3 3 0
100 4 5 0
700 4 3 0.01
100 4 5 0
700 3 3 0.1
100 2 4 0.001
1300 3 5 0.1
1300 2 5 0.001
100 3 5 0.01
700 3 4 0
100 3 3 0
1300 4 4 0.1
1300 4 3 0.1
1300 2 5 0.01
100 3 4 0.1
1300 2 3 0.001
100 4 3 0
700 3 3 0
100 2 4 0.01
1300 3 4 0.01
100 4 4 0.001
700 2 5 0.01
100 3 3 0
1300 3 5 0.001
1300 3 3 0
100 3 4 0.01
1300 4 4 0
1300 3 3 0.1
100 4 3 0.1
700 2 5 0.1
100 3 3 0.1
700 2 3 0
700 4 4 0
1300 4 4 0.01
1300 3 5 0.001
100 4 4 0.1
1300 2 5 0.1
1300 4 3 0
1300 2 4 0
100 3 5 0.001
700 3 4 0.01
100 3 4 0.01
700 2 3 0.1
700 4 5 0.001
700 3 5 0.01
100 4 3 0.01
700 2 4 0
100 3 3 0.1
1300 3 4 0
100 4 5 0.1
700 3 4 0.001
100 3 5 0
700 3 4 0.001
100 3 3 0.01
1300 2 5 0.1
1300 3 3 0.1
100 4 3 0.1
700 2 3 0.01
700 4 4 0.1
700 3 3 0.001
700 4 5 0
700 4 3 0.001
100 4 5 0.01
1300 4 4 0.01
700 2 5 0.001
100 2 4 0
1300 4 4 0.001
100 3 3 0.001
1300 4 5 0.1
1300 3 5 0.1
1300 3 3 0.01
100 4 3 0.001
1300 2 4 0.01
1300 2 5 0
1300 3 3 0.001
100 4 4 0
700 2 5 0.1
100 3 4 0.001
1300 4 3 0.01
1300 2 4 0.1
100 3 5 0.1
700 3 3 0.01
100 2 4 0
100 4 5 0.01
700 4 3 0.001
100 4 4 0.1
700 2 4 0
700 4 4 0
1300 2 3 0
100 4 3 0.001
700 3 4 0.01
100 2 3 0.1
1300 3 5 0
100 4 4 0.01
700 4 3 0.1
100 2 4 0.001
1300 2 4 0
100 3 4 0.001
700 2 5 0
700 4 5 0
1300 2 5 0
1300 4 4 0.001
1300 2 4 0.01
700 4 5 0.01
1300 4 5 0
1300 3 5 0
1300 2 4 0.001
100 2 5 0
700 3 3 0.001
100 2 3 0.1
1300 2 3 0.01
100 4 3 0.001
700 2 4 0.1
700 4 4 0.001
1300 3 5 0.001
700 2 4 0.01
700 4 5 0.01
700 3 5 0.001
100 3 5 0.01
1300 3 5 0.01
1300 4 4 0
100 4 3 0
700 2 5 0.001
100 2 4 0.1
1300 2 5 0.01
1300 4 5 0.001
1300 3 4 0
100 3 4 0.001
1300 2 4 0.001
1300 2 3 0.001
100 3 5 0.1
700 2 4 0.001
700 4 5 0.001
700 3 5 0.1
100 3 3 0.001
1300 2 4 0.001
1300 2 3 0.001
700 4 5 0.1
700 3 5 0.01
100 3 4 0.1
1300 3 4 0.1
100 4 5 0.001
700 3 4 0.01
100 4 3 0
1300 4 3 0.001
100 3 5 0
700 2 4 0.1
700 4 4 0.001
700 4 3 0.1
100 4 5 0.1
1300 2 5 0.001
1300 4 5 0
1300 2 5 0.001
100 4 5 0.001
1300 2 3 0.1
100 4 4 0.01
700 3 5 0.001
100 3 5 0
700 2 3 0.001
700 4 4 0.1
1300 3 4 0.1
1300 2 4 0.1
100 3 4 0.01
700 2 3 0
700 4 4 0.01
******* BEST PARAMS *******
{'Num home factors': 3, 'Learning Rate': 1, 'Iterations': 1300, 'Num season factors': 4, 'Least Train Error': 10.26628479974917, 'Lambda': 0.001}
******* BEST PARAMS *******
--------------------------------------------------------------------------------
Progress: 90.0
2017-10-03 03:28:55.101832
--------------------------------------------------------------------------------
Test set [9499 9578 9609 9647 9654 9729 9773 9912 9922 9931 9932 9933 9971 9982]
--------------------------------------------------------------------------------
Current Error, Least Error, #Iterations
1300 2 5 0
700 2 3 0.01
700 4 5 0
700 4 3 0
1300 3 4 0.01
1300 4 5 0.01
1300 3 4 0
1300 3 5 0.01
1300 4 5 0
1300 3 4 0.01
1300 2 3 0.01
100 4 4 0.001
700 3 4 0
100 2 4 0.001
1300 4 3 0.001
1300 4 3 0.1
100 4 3 0
700 2 5 0.01
100 2 3 0.1
1300 3 5 0.01
1300 4 3 0.001
100 3 5 0.01
700 2 4 0.1
700 4 5 0.1
700 4 3 0.01
1300 3 3 0.01
100 4 3 0.01
700 3 3 0
100 2 3 0.001
1300 3 5 0
700 4 3 0.1
100 2 3 0.001
1300 2 3 0
100 2 3 0.01
1300 4 3 0
700 2 3 0.001
100 2 3 0.1
100 4 3 0.001
700 2 5 0.001
100 2 4 0
1300 3 5 0.1
700 3 5 0.001
100 3 5 0.001
700 2 4 0.01
700 4 5 0.01
700 4 3 0.1
1300 2 3 0.1
100 4 3 0.1
700 3 3 0.001
100 2 4 0.1
1300 4 3 0.01
700 2 5 0
700 4 5 0.001
700 3 4 0.01
100 2 5 0
1300 4 4 0.1
700 3 4 0.001
100 2 3 0.01
100 3 5 0.1
700 2 5 0.1
100 2 4 0.01
1300 4 3 0.1
1300 4 4 0
1300 2 3 0.001
100 2 5 0.1
1300 4 5 0
700 3 3 0
700 4 4 0.01
700 3 4 0.1
100 3 3 0.001
1300 4 5 0.01
1300 3 4 0
1300 2 4 0.001
100 4 5 0.01
700 3 3 0
100 2 3 0
700 2 5 0.01
100 2 5 0.01
1300 3 3 0.001
100 3 4 0.01
1300 4 4 0.001
700 4 3 0.001
100 2 3 0
100 4 4 0.1
700 3 4 0.001
100 3 5 0
700 2 4 0
100 2 3 0.001
700 3 3 0.1
100 2 4 0.01
100 4 5 0.1
700 4 3 0.01
100 2 5 0.01
1300 4 4 0.01
700 2 4 0.1
100 2 5 0
1300 2 4 0.1
100 3 4 0.001
700 3 3 0.01
100 2 4 0.001
1300 2 5 0.001
1300 2 3 0.01
100 3 3 0.1
700 2 3 0
100 2 3 0.01
1300 4 4 0.01
1300 3 3 0.1
1300 2 3 0.001
100 2 3 0.1
700 3 3 0.001
100 2 4 0
1300 2 3 0.1
100 2 5 0.001
1300 4 4 0
1300 2 5 0.01
1300 3 4 0
100 4 4 0.001
700 2 4 0.1
100 3 3 0.001
700 2 4 0.001
100 3 3 0.01
1300 4 4 0.1
1300 3 3 0.1
100 3 3 0.01
1300 3 5 0.001
1300 4 5 0.1
1300 2 3 0.1
100 2 4 0.1
700 2 3 0
700 4 5 0.01
700 3 5 0.1
100 4 3 0
700 2 3 0.01
100 2 5 0
1300 3 3 0
100 4 4 0
700 3 3 0.1
100 4 3 0.001
700 2 3 0.1
100 2 4 0
700 4 3 0
700 4 5 0
700 4 3 0.1
1300 2 3 0.01
100 2 5 0.1
1300 4 3 0
100 4 5 0
700 4 3 0.001
100 3 4 0.1
700 3 3 0.1
100 2 5 0.01
1300 2 3 0.001
100 4 4 0.01
700 3 5 0
1300 2 3 0
100 2 5 0.001
1300 4 5 0.001
1300 3 3 0
100 3 4 0
1300 4 5 0.001
700 2 5 0.1
100 2 4 0.001
1300 2 4 0.01
100 4 4 0
700 2 4 0.001
100 2 4 0.01
1300 3 5 0
1300 2 4 0
100 3 3 0
1300 4 5 0.1
1300 3 4 0.001
1300 3 5 0
1300 3 3 0
100 3 3 0.1
700 3 5 0.1
100 3 3 0
1300 3 4 0.01
1300 3 3 0.01
100 3 3 0
700 2 4 0
100 3 3 0.1
1300 4 3 0.01
1300 3 3 0.001
100 3 4 0.01
700 2 5 0.001
100 3 4 0
1300 4 4 0
1300 2 4 0.1
100 3 5 0.01
700 2 3 0.01
700 4 4 0
1300 3 5 0.001
1300 2 4 0.01
700 4 5 0.01
1300 2 5 0.1
1300 2 5 0
100 4 5 0.001
700 3 3 0.001
700 4 5 0.1
1300 4 5 0.1
1300 4 3 0.1
100 4 5 0
700 3 4 0
100 3 4 0.1
1300 2 4 0.001
1300 3 4 0.1
1300 2 5 0.001
100 3 5 0.1
1300 2 4 0
1300 3 3 0.01
100 3 5 0.001
700 2 4 0.01
100 3 5 0
700 2 4 0.01
100 3 4 0.01
700 2 3 0.001
700 4 4 0.01
700 3 5 0.01
100 3 4 0
700 3 4 0.1
100 2 4 0.1
1300 2 5 0.01
1300 2 4 0
100 3 5 0.001
1300 3 3 0.001
100 4 5 0.001
700 3 5 0.01
100 4 5 0.1
700 3 4 0.1
100 4 3 0.01
1300 3 4 0.1
1300 3 5 0.01
1300 2 5 0.1
100 4 4 0.001
1300 2 3 0
100 4 5 0.01
700 3 5 0.001
100 3 5 0.1
700 2 5 0.01
100 3 4 0.001
1300 4 4 0.001
1300 3 5 0.1
100 4 3 0.01
700 2 5 0.1
100 4 3 0
1300 4 3 0.01
100 3 4 0.1
700 2 4 0.001
700 4 4 0
700 3 5 0.1
100 4 3 0.1
1300 2 4 0.01
1300 2 5 0.1
1300 2 5 0.01
100 4 3 0.001
700 4 3 0.01
700 4 4 0.001
700 2 5 0
100 2 3 0
1300 3 5 0.001
100 4 5 0.001
700 3 4 0
100 3 3 0.001
1300 3 4 0.001
100 4 4 0.1
700 3 4 0.01
100 4 5 0.01
1300 3 5 0.1
700 2 4 0
700 4 5 0.001
700 4 3 0.001
100 4 4 0.1
700 3 5 0
100 3 4 0.001
1300 4 5 0.001
1300 3 4 0.1
100 4 4 0.01
1300 4 5 0.01
700 2 3 0
700 4 4 0.1
700 3 5 0
100 4 4 0
1300 4 5 0
1300 4 4 0.001
1300 3 4 0.001
100 4 5 0
1300 3 3 0.1
100 3 5 0
700 2 3 0.1
700 4 4 0.001
700 3 5 0.001
100 4 5 0.1
1300 2 4 0.1
1300 4 3 0
100 4 3 0.1
700 2 5 0
700 4 4 0.001
700 2 3 0.1
700 4 4 0.1
700 3 3 0.01
100 3 3 0.01
700 2 3 0.001
700 4 4 0.1
700 3 3 0.01
700 4 5 0.1
700 4 3 0
100 3 5 0.01
700 2 5 0.001
700 4 4 0
700 3 5 0.01
100 2 5 0.001
1300 4 3 0.001
1300 2 4 0.001
700 4 4 0.01
700 3 4 0.01
100 2 5 0.1
1300 4 4 0.01
1300 2 5 0
700 4 5 0.001
1300 4 4 0.1
1300 2 5 0.001
100 4 4 0.01
700 3 4 0.001
700 4 5 0
******* BEST PARAMS *******
{'Num home factors': 3, 'Learning Rate': 1, 'Iterations': 1300, 'Num season factors': 4, 'Least Train Error': 9.73663249521036, 'Lambda': 0.001}
******* BEST PARAMS *******
--------------------------------------------------------------------------------
Progress: 0.0
2017-10-03 04:44:44.802571
--------------------------------------------------------------------------------
Test set [ 26  59  94 101 121 135 222 252 364 370 410 545 624 661 871]
--------------------------------------------------------------------------------
Current Error, Least Error, #Iterations
700 2 3 0
700 2 3 0
700 4 3 0
700 4 3 0
700 4 4 0
700 3 3 0
100 3 4 0
700 2 4 0
700 3 4 0
700 4 5 0
700 2 4 0
700 3 3 0
700 3 5 0
700 4 4 0
700 3 4 0
700 2 5 0
700 2 3 0
700 2 5 0
700 3 5 0
100 2 4 0
100 3 3 0
1300 2 3 0
100 3 3 0
100 4 3 0
100 3 3 0
100 4 5 0
100 4 3 0
100 3 5 0
100 4 4 0
100 2 3 0
700 4 5 0
100 2 5 0
100 2 5 0
100 2 3 0
100 2 4 0
100 3 5 0
100 3 4 0
1300 2 4 0
100 3 5 0
100 4 4 0
100 4 3 0
700 2 4 0
1300 3 3 0
1300 4 3 0
1300 2 3 0
1300 4 4 0
1300 3 4 0
1300 2 4 0
100 4 5 0
700 4 4 0
1300 3 5 0
1300 4 3 0
1300 3 3 0
1300 3 4 0
1300 2 4 0
100 2 4 0
700 3 3 0
100 3 4 0
700 4 3 0
1300 4 3 0
100 2 3 0
700 2 5 0
1300 2 5 0
1300 2 3 0
1300 4 4 0
1300 4 4 0
1300 3 4 0
1300 3 3 0
1300 3 5 0
1300 2 5 0
1300 4 5 0
100 4 4 0
700 3 4 0
1300 4 5 0
100 2 5 0
700 4 5 0
1300 2 5 0
1300 3 5 0
100 4 5 0
700 3 5 0
1300 4 5 0
******* BEST PARAMS *******
{'Num home factors': 5, 'Learning Rate': 0.5, 'Iterations': 700, 'Num season factors': 3, 'Least Train Error': 10.482553283806189, 'Lambda': 0}
******* BEST PARAMS *******
--------------------------------------------------------------------------------
Progress: 10.0
2017-10-03 04:46:49.438577
--------------------------------------------------------------------------------
Test set [ 936  946 1169 1283 1310 1334 1415 1463 1500 1642 1697 1700 1790 1796 1800]
--------------------------------------------------------------------------------
Current Error, Least Error, #Iterations
100 3 5 0
700 4 3 0
700 3 4 0
700 2 4 0
700 3 4 0
700 4 4 0
700 2 4 0
700 3 3 0
700 2 5 0
700 2 3 0
700 3 5 0
700 2 3 0
700 3 3 0
700 4 5 0
700 4 3 0
700 4 4 0
100 3 4 0
100 2 4 0
100 3 4 0
100 2 5 0
100 2 4 0
100 3 5 0
100 4 5 0
100 4 3 0
100 4 5 0
100 3 3 0
700 2 3 0
100 3 5 0
100 2 3 0
700 2 5 0
100 2 5 0
100 3 4 0
100 3 3 0
100 4 5 0
100 4 3 0
100 4 4 0
700 4 5 0
700 3 5 0
1300 3 3 0
1300 4 3 0
1300 2 4 0
1300 2 4 0
1300 4 3 0
1300 3 3 0
1300 2 3 0
1300 4 4 0
1300 2 4 0
1300 2 5 0
1300 3 4 0
100 2 3 0
700 3 3 0
1300 3 3 0
1300 2 3 0
1300 4 4 0
1300 4 3 0
1300 3 4 0
100 4 3 0
700 2 4 0
100 2 5 0
700 4 5 0
100 4 4 0
700 3 4 0
100 2 3 0
700 2 5 0
100 4 4 0
700 4 3 0
100 3 3 0
700 4 4 0
1300 4 5 0
100 2 4 0
700 3 5 0
1300 2 5 0
1300 3 5 0
1300 3 5 0
1300 4 5 0
1300 2 5 0
1300 2 3 0
1300 3 5 0
1300 4 5 0
1300 3 4 0
1300 4 4 0
******* BEST PARAMS *******
{'Num home factors': 5, 'Learning Rate': 1, 'Iterations': 100, 'Num season factors': 3, 'Least Train Error': 10.37963424881928, 'Lambda': 0}
******* BEST PARAMS *******
--------------------------------------------------------------------------------
Progress: 20.0
2017-10-03 04:49:01.026361
--------------------------------------------------------------------------------
Test set [1953 2129 2156 2233 2242 2365 2378 2470 2557 2814 2859 2925 2953 2986]
--------------------------------------------------------------------------------
Current Error, Least Error, #Iterations
100 3 5 0
700 4 4 0
700 2 3 0
700 2 3 0
700 2 4 0
700 2 3 0
700 3 4 0
700 4 4 0
700 4 3 0
700 3 3 0
700 3 3 0
700 2 4 0
700 2 5 0
700 3 4 0
100 4 4 0
100 2 3 0
700 4 3 0
700 4 5 0
700 4 5 0
700 3 5 0
700 2 5 0
100 4 3 0
100 2 4 0
100 3 3 0
100 3 5 0
100 4 5 0
100 3 3 0
100 3 5 0
100 4 4 0
100 2 4 0
100 3 4 0
700 3 5 0
100 4 5 0
100 2 5 0
100 2 5 0
100 4 5 0
1300 2 4 0
100 2 3 0
100 4 3 0
100 2 4 0
700 2 4 0
1300 2 3 0
1300 3 4 0
1300 2 4 0
1300 4 4 0
1300 3 4 0
1300 4 3 0
1300 4 4 0
1300 2 3 0
1300 4 4 0
1300 2 5 0
1300 2 3 0
1300 2 4 0
100 4 4 0
700 4 3 0
100 4 3 0
700 3 3 0
100 3 3 0
700 3 4 0
1300 4 5 0
1300 4 3 0
1300 3 3 0
1300 4 3 0
1300 3 4 0
1300 3 3 0
100 3 4 0
700 2 5 0
100 2 5 0
700 4 4 0
1300 3 3 0
1300 2 5 0
1300 2 5 0
1300 4 5 0
100 2 3 0
700 3 5 0
1300 3 5 0
1300 4 5 0
1300 3 5 0
1300 3 5 0
100 3 4 0
700 4 5 0
******* BEST PARAMS *******
{'Num home factors': 5, 'Learning Rate': 1, 'Iterations': 700, 'Num season factors': 4, 'Least Train Error': 10.101208011005763, 'Lambda': 0}
******* BEST PARAMS *******
--------------------------------------------------------------------------------
Progress: 30.0
2017-10-03 04:51:05.310466
--------------------------------------------------------------------------------
Test set [3009 3036 3224 3299 3367 3443 3456 3482 3506 3577 3649 3652 3723 3736]
--------------------------------------------------------------------------------
Current Error, Least Error, #Iterations
100 3 5 0
700 4 3 0
700 4 3 0
700 2 3 0
700 2 4 0
700 3 3 0
700 2 4 0
700 3 5 0
700 2 3 0
700 3 3 0
700 3 4 0
700 3 4 0
700 2 3 0
700 4 4 0
100 4 4 0
100 3 3 0
700 3 5 0
100 3 3 0
100 2 4 0
700 4 5 0
700 4 4 0
100 3 3 0
100 3 4 0
700 2 5 0
100 4 3 0
100 2 3 0
700 2 5 0
100 4 5 0
100 4 3 0
100 4 5 0
100 2 5 0
700 4 5 0
100 3 4 0
100 3 5 0
100 2 5 0
100 4 4 0
100 3 5 0
100 4 5 0
1300 4 3 0
1300 4 4 0
1300 2 4 0
100 2 5 0
700 2 4 0
1300 3 3 0
1300 4 4 0
1300 2 3 0
100 2 3 0
700 3 3 0
1300 4 3 0
1300 3 3 0
1300 2 3 0
1300 3 4 0
1300 3 4 0
1300 3 4 0
1300 2 4 0
1300 3 3 0
1300 2 4 0
1300 2 3 0
100 3 4 0
700 3 5 0
1300 3 5 0
1300 3 5 0
1300 4 4 0
1300 4 3 0
100 2 4 0
700 3 4 0
1300 4 5 0
100 2 3 0
700 2 5 0
1300 2 5 0
100 4 3 0
700 4 4 0
100 4 4 0
700 4 3 0
1300 2 5 0
1300 2 5 0
1300 3 5 0
1300 4 5 0
1300 4 5 0
100 2 4 0
700 4 5 0
******* BEST PARAMS *******
{'Num home factors': 5, 'Learning Rate': 1, 'Iterations': 1300, 'Num season factors': 2, 'Least Train Error': 11.040515436738156, 'Lambda': 0}
******* BEST PARAMS *******
--------------------------------------------------------------------------------
Progress: 40.0
2017-10-03 04:53:13.666323
--------------------------------------------------------------------------------
Test set [3778 3829 3893 3967 4000 4031 4213 4297 4298 4342 4505 4732 4767 4874]
--------------------------------------------------------------------------------
Current Error, Least Error, #Iterations
100 4 5 0
700 2 4 0
700 4 4 0
700 4 4 0
700 4 3 0
700 4 3 0
700 3 3 0
700 2 3 0
700 4 5 0
100 4 4 0
100 2 3 0
700 2 4 0
700 3 3 0
700 3 5 0
100 2 4 0
100 2 4 0
700 2 5 0
700 3 5 0
100 2 5 0
100 2 5 0
700 2 3 0
700 2 5 0
700 2 3 0
700 3 4 0
700 3 4 0
100 3 4 0
100 3 4 0
100 3 5 0
100 3 3 0
100 3 4 0
100 3 5 0
100 3 5 0
100 4 4 0
100 4 5 0
100 4 3 0
100 2 5 0
100 4 5 0
700 4 5 0
1300 4 3 0
1300 3 4 0
1300 2 3 0
1300 2 4 0
1300 2 3 0
1300 3 3 0
1300 3 4 0
1300 3 3 0
1300 2 3 0
1300 3 3 0
1300 2 4 0
1300 2 5 0
100 3 3 0
700 2 4 0
100 2 4 0
700 4 4 0
1300 2 4 0
100 3 3 0
700 3 4 0
100 2 3 0
700 3 5 0
100 4 4 0
700 3 3 0
1300 3 4 0
1300 4 3 0
1300 4 5 0
100 4 3 0
700 2 5 0
1300 4 4 0
1300 4 3 0
100 2 3 0
700 4 3 0
1300 2 5 0
100 4 3 0
700 4 5 0
1300 4 4 0
1300 3 5 0
1300 3 5 0
1300 4 5 0
1300 4 5 0
1300 4 4 0
1300 2 5 0
1300 3 5 0
******* BEST PARAMS *******
{'Num home factors': 4, 'Learning Rate': 1, 'Iterations': 700, 'Num season factors': 4, 'Least Train Error': 10.166820055923354, 'Lambda': 0}
******* BEST PARAMS *******
--------------------------------------------------------------------------------
Progress: 50.0
2017-10-03 04:55:18.071562
--------------------------------------------------------------------------------
Test set [4922 4946 4957 4998 5026 5109 5209 5218 5357 5371 5439 5673 5677 5746]
--------------------------------------------------------------------------------
Current Error, Least Error, #Iterations
100 4 5 0
700 4 3 0
700 2 4 0
700 3 3 0
700 3 3 0
700 2 5 0
700 2 4 0
700 4 4 0
700 4 4 0
700 4 5 0
700 3 4 0
1300 2 3 0
100 3 5 0
100 2 5 0
100 2 4 0
100 3 5 0
700 2 3 0
700 2 3 0
1300 4 3 0
700 4 3 0
700 2 3 0
100 2 3 0
100 2 4 0
700 3 4 0
700 4 5 0
700 3 5 0
100 4 4 0
100 4 3 0
100 2 5 0
100 3 3 0
700 2 5 0
700 3 5 0
100 3 4 0
100 2 3 0
1300 3 3 0
100 4 4 0
100 3 4 0
100 3 3 0
100 4 5 0
100 2 3 0
100 4 4 0
1300 4 4 0
1300 3 4 0
1300 2 5 0
100 2 5 0
700 2 4 0
1300 4 4 0
100 3 4 0
700 3 3 0
100 4 3 0
700 3 4 0
1300 3 4 0
1300 4 3 0
1300 3 4 0
1300 2 4 0
1300 3 3 0
1300 2 4 0
1300 2 3 0
1300 4 4 0
1300 2 4 0
100 3 5 0
700 2 5 0
100 3 3 0
700 4 3 0
1300 2 3 0
1300 4 3 0
1300 3 3 0
100 4 3 0
700 4 4 0
1300 4 5 0
1300 4 5 0
1300 2 5 0
1300 4 5 0
1300 3 5 0
1300 3 5 0
100 2 4 0
700 3 5 0
1300 3 5 0
1300 2 5 0
100 4 5 0
700 4 5 0
******* BEST PARAMS *******
{'Num home factors': 4, 'Learning Rate': 0.5, 'Iterations': 1300, 'Num season factors': 4, 'Least Train Error': 10.411371178648217, 'Lambda': 0}
******* BEST PARAMS *******
--------------------------------------------------------------------------------
Progress: 60.0
2017-10-03 04:57:24.823730
--------------------------------------------------------------------------------
Test set [5785 5814 5817 6072 6121 6139 6266 6418 6498 6636 6692 6836 6910 7016]
--------------------------------------------------------------------------------
Current Error, Least Error, #Iterations
700 2 3 0
700 2 5 0
700 4 3 0
700 3 4 0
700 2 3 0
700 4 4 0
700 2 3 0
700 4 3 0
700 4 5 0
700 3 3 0
100 2 5 0
700 2 4 0
700 4 4 0
700 3 4 0
700 2 4 0
700 3 3 0
100 2 4 0
100 2 4 0
100 2 5 0
100 2 3 0
100 4 5 0
100 4 3 0
1300 2 3 0
700 4 5 0
700 3 5 0
100 4 4 0
100 3 4 0
100 3 5 0
100 4 5 0
700 2 5 0
700 3 5 0
100 3 4 0
100 2 5 0
100 3 5 0
100 3 5 0
100 4 3 0
100 4 4 0
100 2 3 0
100 3 3 0
1300 3 4 0
100 2 4 0
700 2 4 0
1300 2 4 0
1300 4 5 0
1300 3 3 0
1300 2 3 0
1300 3 3 0
1300 4 3 0
1300 4 3 0
1300 2 4 0
1300 4 3 0
100 4 4 0
700 4 3 0
100 2 3 0
700 3 3 0
1300 4 4 0
1300 2 3 0
100 3 3 0
700 3 4 0
1300 4 4 0
1300 3 3 0
100 4 3 0
700 3 5 0
1300 3 4 0
1300 2 4 0
100 3 3 0
700 2 5 0
100 4 5 0
700 4 4 0
1300 3 5 0
1300 3 4 0
1300 2 5 0
1300 2 5 0
1300 2 5 0
1300 4 4 0
1300 4 5 0
1300 3 5 0
100 3 4 0
700 4 5 0
1300 3 5 0
1300 4 5 0
******* BEST PARAMS *******
{'Num home factors': 4, 'Learning Rate': 1, 'Iterations': 100, 'Num season factors': 3, 'Least Train Error': 9.832690207488534, 'Lambda': 0}
******* BEST PARAMS *******
--------------------------------------------------------------------------------
Progress: 70.0
2017-10-03 04:59:31.582467
--------------------------------------------------------------------------------
Test set [7024 7057 7319 7390 7429 7510 7597 7641 7731 7741 7769 7793 7800 7866]
--------------------------------------------------------------------------------
Current Error, Least Error, #Iterations
100 3 5 0
700 3 4 0
700 2 3 0
700 4 3 0
700 4 4 0
100 4 5 0
100 2 3 0
100 2 5 0
100 3 3 0
700 4 4 0
700 2 4 0
700 3 3 0
100 3 4 0
100 2 4 0
700 4 5 0
700 3 5 0
700 2 3 0
700 2 5 0
700 2 4 0
700 3 5 0
700 2 5 0
700 4 3 0
700 2 3 0
100 3 3 0
100 2 5 0
100 3 4 0
100 3 4 0
100 2 4 0
100 4 3 0
100 4 4 0
100 3 5 0
100 2 5 0
100 4 5 0
700 3 3 0
100 4 3 0
100 4 4 0
700 4 5 0
1300 2 3 0
100 4 4 0
700 2 4 0
1300 3 3 0
1300 4 3 0
1300 3 3 0
1300 3 4 0
1300 4 3 0
1300 4 4 0
100 2 3 0
700 4 3 0
100 3 5 0
700 4 4 0
1300 3 4 0
100 4 5 0
700 2 5 0
100 2 3 0
700 3 3 0
1300 4 4 0
1300 4 4 0
1300 2 4 0
1300 2 3 0
1300 2 5 0
1300 2 3 0
1300 3 4 0
100 4 3 0
700 3 4 0
1300 2 4 0
1300 4 5 0
1300 3 3 0
1300 4 3 0
100 3 3 0
700 3 5 0
1300 2 4 0
100 2 4 0
700 4 5 0
1300 3 5 0
1300 2 5 0
1300 3 5 0
1300 2 5 0
1300 4 5 0
1300 4 5 0
1300 3 5 0
700 3 4 0
******* BEST PARAMS *******
{'Num home factors': 3, 'Learning Rate': 1, 'Iterations': 100, 'Num season factors': 3, 'Least Train Error': 10.442618338229034, 'Lambda': 0}
******* BEST PARAMS *******
--------------------------------------------------------------------------------
Progress: 80.0
2017-10-03 05:01:41.141502
--------------------------------------------------------------------------------
Test set [7982 8031 8047 8142 8236 8243 8317 8626 9052 9134 9195 9215 9233 9484]
--------------------------------------------------------------------------------
Current Error, Least Error, #Iterations
100 4 5 0
700 3 4 0
100 2 3 0
100 2 4 0
700 2 3 0
700 3 4 0
700 2 4 0
700 4 3 0
700 3 3 0
700 4 3 0
700 2 5 0
700 2 3 0
700 2 3 0
700 2 4 0
700 4 4 0
100 3 5 0
100 2 3 0
700 3 3 0
700 4 4 0
100 3 4 0
100 3 4 0
700 4 5 0
100 2 4 0
100 3 3 0
100 3 4 0
100 3 5 0
700 2 5 0
700 3 5 0
700 4 5 0
100 3 5 0
100 2 5 0
100 4 3 0
100 4 3 0
700 3 5 0
100 4 4 0
100 4 5 0
100 4 5 0
100 4 4 0
1300 3 3 0
1300 4 4 0
100 4 3 0
700 3 4 0
1300 2 4 0
1300 3 4 0
100 4 4 0
700 2 4 0
100 2 5 0
700 3 3 0
1300 3 4 0
1300 2 3 0
1300 2 3 0
1300 2 4 0
100 3 3 0
700 3 5 0
1300 3 4 0
100 3 3 0
700 2 5 0
1300 4 3 0
1300 2 3 0
1300 3 3 0
1300 4 4 0
1300 3 3 0
1300 4 3 0
1300 4 4 0
1300 4 5 0
100 2 5 0
700 4 4 0
100 2 3 0
700 4 3 0
1300 2 4 0
1300 2 5 0
1300 4 3 0
1300 3 5 0
1300 4 5 0
1300 3 5 0
1300 3 5 0
1300 2 5 0
1300 4 5 0
1300 2 5 0
100 2 4 0
700 4 5 0
******* BEST PARAMS *******
{'Num home factors': 4, 'Learning Rate': 1, 'Iterations': 1300, 'Num season factors': 2, 'Least Train Error': 11.303475372333855, 'Lambda': 0}
******* BEST PARAMS *******
--------------------------------------------------------------------------------
Progress: 90.0
2017-10-03 05:03:49.395710
--------------------------------------------------------------------------------
Test set [9499 9578 9609 9647 9654 9729 9773 9912 9922 9931 9932 9933 9971 9982]
--------------------------------------------------------------------------------
Current Error, Least Error, #Iterations
100 4 5 0
700 2 3 0
700 2 3 0
700 2 4 0
700 3 4 0
700 4 4 0
700 2 3 0
700 2 4 0
700 4 3 0
700 4 4 0
700 3 3 0
700 4 5 0
700 3 5 0
700 3 3 0
700 4 3 0
100 3 3 0
100 2 3 0
700 2 5 0
700 3 4 0
100 4 3 0
100 2 4 0
700 2 5 0
100 2 5 0
100 2 5 0
100 2 3 0
100 3 4 0
100 3 5 0
100 4 4 0
100 2 3 0
100 3 3 0
100 3 5 0
100 3 5 0
100 4 5 0
100 4 5 0
100 3 3 0
100 4 3 0
700 4 5 0
700 3 5 0
100 3 4 0
700 2 4 0
100 4 4 0
700 3 3 0
1300 2 3 0
100 4 4 0
700 3 4 0
1300 2 3 0
100 2 4 0
700 2 5 0
1300 4 4 0
1300 2 4 0
1300 4 3 0
1300 4 4 0
1300 2 4 0
1300 3 4 0
1300 3 3 0
1300 3 4 0
1300 3 4 0
1300 2 4 0
1300 4 3 0
1300 2 3 0
1300 2 5 0
1300 4 5 0
100 4 3 0
700 3 5 0
100 2 5 0
700 4 5 0
1300 3 3 0
1300 4 4 0
1300 3 5 0
1300 4 5 0
1300 2 5 0
1300 4 5 0
1300 3 5 0
100 2 4 0
700 4 4 0
1300 2 5 0
1300 3 5 0
1300 3 3 0
1300 4 3 0
100 3 4 0
700 4 3 0
******* BEST PARAMS *******
{'Num home factors': 3, 'Learning Rate': 1, 'Iterations': 100, 'Num season factors': 3, 'Least Train Error': 9.951525310844053, 'Lambda': 0}
******* BEST PARAMS *******
--------------------------------------------------------------------------------
Progress: 0.0
2017-10-03 05:06:00.196450
--------------------------------------------------------------------------------
Test set [ 26  59  94 101 121 135 222 252 364 370 410 545 624 661 871]
--------------------------------------------------------------------------------
Current Error, Least Error, #Iterations
700 2 3 0
700 3 3 0
700 4 3 0
700 2 5 0
700 3 3 0
100 3 4 0
100 3 3 0
700 2 3 0
700 2 4 0
700 2 3 0
100 2 5 0
100 2 4 0
100 4 3 0
700 4 3 0
100 2 5 0
100 2 3 0
100 2 4 0
100 3 4 0
100 3 4 0
100 2 5 0
700 4 4 0
700 3 4 0
700 3 5 0
700 4 5 0
700 2 4 0
100 4 5 0
100 2 4 0
700 3 4 0
100 3 5 0
100 3 5 0
100 4 4 0
100 4 4 0
700 4 5 0
700 4 4 0
700 2 5 0
100 4 4 0
100 4 5 0
700 3 5 0
1300 4 3 0
1300 2 3 0
1300 3 3 0
100 2 3 0
700 4 3 0
1300 3 3 0
1300 2 3 0
1300 2 4 0
1300 4 3 0
1300 2 3 0
1300 3 5 0
1300 3 3 0
100 4 5 0
700 3 4 0
1300 2 5 0
1300 4 4 0
100 3 3 0
700 3 5 0
1300 3 4 0
100 3 5 0
700 2 4 0
100 4 3 0
700 2 5 0
100 2 3 0
700 4 5 0
1300 4 5 0
100 3 3 0
700 4 4 0
100 4 3 0
700 3 3 0
1300 3 4 0
1300 2 4 0
1300 4 5 0
1300 3 5 0
1300 3 5 0
1300 3 4 0
1300 4 4 0
1300 4 4 0
1300 2 5 0
1300 2 5 0
1300 2 4 0
1300 4 5 0
1300 4 3 0
******* BEST PARAMS *******
{'Num home factors': 5, 'Learning Rate': 1, 'Iterations': 100, 'Num season factors': 3, 'Least Train Error': 10.642421350619136, 'Lambda': 0}
******* BEST PARAMS *******
--------------------------------------------------------------------------------
Progress: 10.0
2017-10-03 05:09:55.569982
--------------------------------------------------------------------------------
Test set [ 936  946 1169 1283 1310 1334 1415 1463 1500 1642 1697 1700 1790 1796 1800]
--------------------------------------------------------------------------------
Current Error, Least Error, #Iterations
700 2 3 0
700 4 3 0
700 2 3 0
700 3 3 0
100 3 5 0
100 3 5 0
700 3 4 0
100 4 5 0
100 4 4 0
700 2 5 0
100 2 4 0
100 3 3 0
100 3 4 0
100 2 4 0
700 4 5 0
700 4 4 0
100 3 5 0
100 4 3 0
700 2 4 0
700 3 5 0
700 4 5 0
700 2 5 0
700 4 4 0
700 4 3 0
700 3 4 0
100 3 3 0
100 2 5 0
100 2 3 0
100 2 3 0
100 4 4 0
100 3 4 0
700 3 3 0
700 3 5 0
1300 4 4 0
100 4 4 0
1300 3 3 0
100 4 5 0
100 4 5 0
1300 4 3 0
100 4 3 0
700 3 3 0
700 2 4 0
700 2 3 0
100 3 3 0
700 2 5 0
1300 2 3 0
1300 3 4 0
100 2 5 0
700 4 4 0
1300 2 5 0
1300 3 3 0
1300 4 3 0
1300 3 3 0
100 4 3 0
700 2 4 0
1300 2 3 0
1300 4 3 0
1300 4 5 0
1300 2 4 0
1300 2 4 0
1300 3 5 0
100 2 3 0
700 3 4 0
100 3 4 0
700 4 3 0
100 2 5 0
700 4 5 0
1300 3 5 0
1300 2 5 0
1300 3 5 0
1300 4 5 0
1300 4 4 0
1300 4 4 0
1300 2 4 0
1300 3 4 0
1300 2 3 0
1300 4 5 0
1300 3 4 0
1300 2 5 0
100 2 4 0
700 3 5 0
******* BEST PARAMS *******
{'Num home factors': 5, 'Learning Rate': 1, 'Iterations': 700, 'Num season factors': 3, 'Least Train Error': 11.008974617837898, 'Lambda': 0}
******* BEST PARAMS *******
--------------------------------------------------------------------------------
Progress: 20.0
2017-10-03 05:14:05.071010
--------------------------------------------------------------------------------
Test set [1953 2129 2156 2233 2242 2365 2378 2470 2557 2814 2859 2925 2953 2986]
--------------------------------------------------------------------------------
Current Error, Least Error, #Iterations
700 2 3 0
100 2 5 0
700 3 3 0
700 2 3 0
700 2 3 0
700 4 3 0
700 4 3 0
100 4 5 0
100 2 4 0
700 2 4 0
700 3 3 0
700 3 5 0
700 2 5 0
100 4 4 0
100 2 3 0
700 4 4 0
100 4 4 0
100 3 4 0
700 3 4 0
700 4 5 0
100 3 4 0
100 3 3 0
100 3 5 0
100 4 4 0
700 3 5 0
100 3 4 0
100 4 3 0
100 2 4 0
100 2 5 0
700 2 4 0
700 2 5 0
700 4 4 0
100 4 5 0
100 4 5 0
100 2 3 0
100 3 5 0
700 4 5 0
1300 4 3 0
1300 2 5 0
1300 3 3 0
1300 3 5 0
100 4 3 0
700 2 4 0
1300 4 3 0
100 2 5 0
700 3 5 0
1300 2 3 0
100 4 3 0
700 3 3 0
1300 3 4 0
100 2 3 0
700 4 3 0
1300 2 3 0
1300 4 4 0
1300 3 3 0
100 3 5 0
700 4 4 0
1300 4 5 0
100 3 3 0
700 4 5 0
700 3 4 0
1300 3 4 0
1300 3 5 0
1300 3 3 0
1300 4 3 0
1300 2 3 0
1300 4 5 0
100 3 3 0
700 2 5 0
1300 2 4 0
1300 3 4 0
100 2 4 0
700 3 4 0
1300 2 4 0
1300 2 5 0
1300 4 5 0
1300 4 4 0
1300 2 4 0
1300 4 4 0
1300 3 5 0
1300 2 5 0
******* BEST PARAMS *******
{'Num home factors': 5, 'Learning Rate': 0.5, 'Iterations': 1300, 'Num season factors': 4, 'Least Train Error': 10.440312495267385, 'Lambda': 0}
******* BEST PARAMS *******
--------------------------------------------------------------------------------
Progress: 30.0
2017-10-03 05:18:02.583555
--------------------------------------------------------------------------------
Test set [3009 3036 3224 3299 3367 3443 3456 3482 3506 3577 3649 3652 3723 3736]
--------------------------------------------------------------------------------
Current Error, Least Error, #Iterations
700 3 3 0
700 4 3 0
700 2 3 0
700 2 3 0
700 4 3 0
700 2 3 0
700 3 3 0
100 2 3 0
100 2 3 0
100 3 5 0
100 3 5 0
700 3 5 0
100 2 4 0
100 4 5 0
100 4 5 0
100 3 4 0
100 3 3 0
100 2 5 0
100 3 4 0
700 2 4 0
700 3 4 0
100 2 5 0
100 4 4 0
100 3 5 0
100 2 4 0
100 4 4 0
100 2 5 0
700 4 5 0
700 2 4 0
700 4 4 0
100 2 4 0
100 4 3 0
700 3 4 0
700 4 5 0
1300 2 3 0
700 4 4 0
1300 4 4 0
700 3 5 0
1300 3 4 0
1300 3 3 0
1300 2 3 0
100 3 4 0
700 2 5 0
1300 4 3 0
1300 3 3 0
1300 4 3 0
700 2 5 0
1300 2 5 0
1300 2 3 0
100 3 3 0
700 3 3 0
1300 4 4 0
1300 3 3 0
1300 2 4 0
700 2 5 0
100 4 3 0
700 2 4 0
1300 4 3 0
100 2 3 0
700 4 4 0
1300 3 4 0
1300 3 5 0
1300 3 4 0
1300 4 4 0
1300 4 5 0
1300 3 5 0
100 3 3 0
700 3 5 0
1300 2 4 0
1300 2 5 0
100 4 4 0
700 3 4 0
100 4 5 0
700 4 3 0
1300 3 5 0
1300 4 5 0
1300 4 5 0
100 4 3 0
700 4 5 0
1300 2 4 0
1300 2 5 0
******* BEST PARAMS *******
{'Num home factors': 5, 'Learning Rate': 1, 'Iterations': 100, 'Num season factors': 3, 'Least Train Error': 11.379962650144712, 'Lambda': 0}
******* BEST PARAMS *******
--------------------------------------------------------------------------------
Progress: 40.0
2017-10-03 05:22:06.631383
--------------------------------------------------------------------------------
Test set [3778 3829 3893 3967 4000 4031 4213 4297 4298 4342 4505 4732 4767 4874]
--------------------------------------------------------------------------------
Current Error, Least Error, #Iterations
100 2 4 0
100 3 4 0
100 3 3 0
700 2 3 0
700 2 5 0
700 4 5 0
700 2 3 0
700 3 4 0
100 4 3 0
100 3 5 0
700 3 5 0
700 2 4 0
100 4 5 0
100 4 4 0
700 3 4 0
100 4 3 0
100 2 4 0
700 4 3 0
700 2 3 0
700 4 3 0
700 4 5 0
700 4 4 0
700 3 3 0
700 3 3 0
700 3 5 0
700 2 5 0
100 3 3 0
100 2 5 0
700 2 4 0
100 3 4 0
100 4 5 0
100 2 5 0
100 2 3 0
700 4 4 0
1300 4 5 0
100 2 4 0
700 3 4 0
100 3 5 0
700 2 4 0
1300 3 4 0
1300 3 5 0
100 3 5 0
100 3 4 0
100 4 4 0
700 4 3 0
1300 2 3 0
1300 2 4 0
1300 4 3 0
1300 4 4 0
1300 3 3 0
1300 2 5 0
100 4 4 0
100 4 3 0
1300 2 3 0
100 3 3 0
700 3 3 0
1300 4 3 0
1300 3 3 0
1300 4 3 0
1300 3 3 0
100 2 5 0
700 2 5 0
1300 2 3 0
1300 2 4 0
100 2 3 0
700 3 5 0
1300 4 4 0
100 4 5 0
700 4 4 0
100 2 3 0
700 4 5 0
1300 2 5 0
1300 2 5 0
1300 4 4 0
1300 3 5 0
1300 4 5 0
1300 4 5 0
1300 3 4 0
1300 3 4 0
1300 2 4 0
1300 3 5 0
******* BEST PARAMS *******
{'Num home factors': 5, 'Learning Rate': 1, 'Iterations': 1300, 'Num season factors': 4, 'Least Train Error': 10.996584642287004, 'Lambda': 0}
******* BEST PARAMS *******
--------------------------------------------------------------------------------
Progress: 50.0
2017-10-03 05:26:13.135670
--------------------------------------------------------------------------------
Test set [4922 4946 4957 4998 5026 5109 5209 5218 5357 5371 5439 5673 5677 5746]
--------------------------------------------------------------------------------
Current Error, Least Error, #Iterations
100 3 5 0
700 4 3 0
700 4 3 0
700 3 3 0
700 2 3 0
100 2 3 0
100 2 3 0
100 4 5 0
100 2 4 0
100 3 4 0
100 3 3 0
700 3 3 0
700 2 4 0
700 3 4 0
700 2 5 0
700 4 4 0
700 4 5 0
700 2 3 0
700 3 4 0
700 2 3 0
100 2 4 0
100 3 4 0
100 2 4 0
100 2 5 0
700 3 5 0
100 2 5 0
100 4 3 0
100 4 4 0
100 4 5 0
700 3 5 0
100 3 4 0
100 4 4 0
700 2 5 0
700 4 5 0
100 4 4 0
100 3 5 0
700 4 4 0
700 2 4 0
1300 3 3 0
1300 4 3 0
1300 2 3 0
1300 4 3 0
100 4 5 0
700 3 3 0
100 3 5 0
700 4 3 0
1300 4 3 0
100 4 3 0
700 2 5 0
1300 3 3 0
1300 2 3 0
100 3 3 0
700 3 4 0
1300 3 3 0
100 3 3 0
700 3 5 0
1300 2 5 0
1300 2 5 0
1300 2 4 0
1300 3 4 0
1300 4 4 0
1300 2 3 0
1300 3 5 0
1300 3 5 0
100 2 3 0
700 4 4 0
1300 3 4 0
1300 2 4 0
1300 3 4 0
1300 4 5 0
1300 4 5 0
1300 2 5 0
1300 2 4 0
1300 4 5 0
1300 4 4 0
100 2 5 0
700 4 5 0
1300 4 4 0
100 4 3 0
700 2 4 0
1300 3 5 0
******* BEST PARAMS *******
{'Num home factors': 5, 'Learning Rate': 1, 'Iterations': 1300, 'Num season factors': 4, 'Least Train Error': 10.250932452729293, 'Lambda': 0}
******* BEST PARAMS *******
--------------------------------------------------------------------------------
Progress: 60.0
2017-10-03 05:30:25.792472
--------------------------------------------------------------------------------
Test set [5785 5814 5817 6072 6121 6139 6266 6418 6498 6636 6692 6836 6910 7016]
--------------------------------------------------------------------------------
Current Error, Least Error, #Iterations
100 3 4 0
700 2 3 0
700 3 3 0
700 2 3 0
700 3 3 0
100 4 4 0
100 2 4 0
700 3 4 0
100 3 4 0
100 3 5 0
700 4 3 0
700 4 4 0
700 2 4 0
100 4 4 0
100 2 3 0
700 3 5 0
700 2 3 0
700 2 5 0
700 4 3 0
100 2 4 0
100 4 3 0
700 4 5 0
700 2 5 0
700 3 5 0
1300 2 3 0
700 3 4 0
100 4 5 0
100 4 5 0
700 4 4 0
1300 3 3 0
100 3 5 0
100 3 3 0
100 4 3 0
100 2 5 0
1300 4 3 0
100 2 5 0
100 4 4 0
1300 4 3 0
1300 3 3 0
100 3 3 0
100 3 4 0
700 4 5 0
700 2 4 0
1300 2 5 0
1300 3 5 0
1300 2 3 0
1300 4 4 0
1300 3 4 0
100 2 4 0
700 2 4 0
1300 4 5 0
1300 2 5 0
1300 2 4 0
1300 2 5 0
100 2 5 0
700 4 3 0
1300 3 4 0
1300 4 5 0
100 3 5 0
700 3 3 0
1300 3 5 0
1300 3 4 0
100 4 3 0
700 2 5 0
1300 2 3 0
1300 4 4 0
1300 4 4 0
1300 3 5 0
100 4 5 0
700 3 4 0
1300 3 3 0
100 2 3 0
700 4 4 0
1300 4 3 0
1300 2 4 0
100 2 3 0
700 4 5 0
100 3 3 0
700 3 5 0
1300 2 4 0
1300 4 5 0
******* BEST PARAMS *******
{'Num home factors': 4, 'Learning Rate': 1, 'Iterations': 700, 'Num season factors': 2, 'Least Train Error': 9.634442657983138, 'Lambda': 0}
******* BEST PARAMS *******
--------------------------------------------------------------------------------
Progress: 70.0
2017-10-03 05:34:30.205607
--------------------------------------------------------------------------------
Test set [7024 7057 7319 7390 7429 7510 7597 7641 7731 7741 7769 7793 7800 7866]
--------------------------------------------------------------------------------
Current Error, Least Error, #Iterations
100 4 4 0
700 2 3 0
700 3 3 0
700 2 3 0
700 3 3 0
700 4 3 0
100 3 5 0
100 4 4 0
700 4 3 0
700 4 4 0
700 3 4 0
700 2 4 0
700 4 4 0
100 4 3 0
100 2 3 0
700 2 3 0
700 3 4 0
700 2 4 0
100 4 5 0
100 3 4 0
700 2 5 0
700 3 5 0
100 3 4 0
100 3 3 0
100 3 3 0
100 3 5 0
700 4 5 0
700 2 5 0
100 4 3 0
100 4 3 0
700 3 5 0
100 2 5 0
100 4 5 0
700 4 5 0
100 2 4 0
100 2 4 0
100 3 3 0
100 2 5 0
1300 2 3 0
1300 2 3 0
1300 3 3 0
1300 2 3 0
100 2 4 0
700 3 3 0
1300 4 3 0
1300 3 3 0
1300 3 3 0
1300 4 3 0
1300 4 3 0
1300 3 5 0
100 2 3 0
700 2 5 0
1300 2 5 0
1300 2 4 0
100 2 5 0
700 4 3 0
1300 3 4 0
1300 2 5 0
100 2 3 0
700 3 5 0
1300 4 5 0
1300 3 4 0
1300 3 5 0
1300 3 4 0
100 3 5 0
700 2 4 0
100 4 4 0
700 4 4 0
100 3 4 0
700 3 4 0
100 4 5 0
700 4 5 0
1300 4 4 0
1300 4 4 0
1300 4 4 0
1300 2 4 0
1300 3 5 0
1300 2 5 0
1300 2 4 0
1300 4 5 0
1300 4 5 0
******* BEST PARAMS *******
{'Num home factors': 3, 'Learning Rate': 1, 'Iterations': 100, 'Num season factors': 4, 'Least Train Error': 10.549033906271221, 'Lambda': 0}
******* BEST PARAMS *******
--------------------------------------------------------------------------------
Progress: 80.0
2017-10-03 05:38:39.622215
--------------------------------------------------------------------------------
Test set [7982 8031 8047 8142 8236 8243 8317 8626 9052 9134 9195 9215 9233 9484]
--------------------------------------------------------------------------------
Current Error, Least Error, #Iterations
100 3 5 0
700 2 3 0
700 2 3 0
700 4 3 0
700 2 3 0
700 2 4 0
700 2 4 0
700 4 4 0
700 3 4 0
700 3 4 0
700 3 3 0
700 3 3 0
700 4 5 0
700 3 5 0
100 4 5 0
100 3 3 0
100 3 5 0
100 3 5 0
100 3 3 0
100 2 4 0
100 4 5 0
100 4 3 0
100 3 4 0
100 3 4 0
700 2 5 0
700 2 5 0
100 2 3 0
100 4 4 0
700 4 3 0
700 4 5 0
100 3 3 0
100 4 5 0
700 3 5 0
100 2 4 0
100 2 3 0
700 4 4 0
100 2 5 0
100 2 5 0
1300 4 3 0
1300 2 3 0
1300 3 3 0
1300 2 3 0
1300 3 3 0
1300 4 3 0
1300 3 3 0
1300 2 5 0
100 4 4 0
700 3 3 0
1300 4 4 0
1300 4 3 0
100 4 3 0
700 2 4 0
1300 3 5 0
100 2 3 0
700 4 3 0
1300 2 3 0
100 4 3 0
700 4 4 0
1300 2 5 0
1300 4 5 0
100 4 4 0
700 2 5 0
1300 4 5 0
1300 3 4 0
100 2 5 0
700 3 4 0
1300 2 4 0
1300 2 4 0
100 3 4 0
700 3 5 0
100 2 4 0
700 4 5 0
1300 3 4 0
1300 4 4 0
1300 2 4 0
1300 3 4 0
1300 3 5 0
1300 4 4 0
1300 3 5 0
1300 2 5 0
1300 4 5 0
******* BEST PARAMS *******
{'Num home factors': 5, 'Learning Rate': 1, 'Iterations': 700, 'Num season factors': 2, 'Least Train Error': 10.690565889913193, 'Lambda': 0}
******* BEST PARAMS *******
--------------------------------------------------------------------------------
Progress: 90.0
2017-10-03 05:42:44.417319
--------------------------------------------------------------------------------
Test set [9499 9578 9609 9647 9654 9729 9773 9912 9922 9931 9932 9933 9971 9982]
--------------------------------------------------------------------------------
Current Error, Least Error, #Iterations
100 4 4 0
700 4 3 0
700 2 3 0
700 2 3 0
700 4 4 0
100 3 4 0
100 3 3 0
100 2 3 0
100 2 4 0
700 2 4 0
100 4 4 0
100 3 4 0
100 3 4 0
100 4 4 0
100 3 3 0
100 2 5 0
700 4 5 0
700 3 3 0
100 4 3 0
100 4 3 0
1300 4 3 0
1300 2 3 0
700 3 5 0
1300 3 3 0
700 2 3 0
100 3 5 0
700 4 3 0
1300 2 4 0
100 4 5 0
700 4 5 0
100 2 4 0
700 3 5 0
1300 3 4 0
700 4 3 0
1300 4 5 0
1300 3 5 0
1300 3 4 0
700 3 4 0
700 3 4 0
100 2 3 0
700 3 3 0
1300 4 4 0
100 4 3 0
100 3 5 0
100 3 5 0
100 4 5 0
700 2 5 0
700 3 3 0
1300 4 3 0
1300 4 5 0
1300 3 3 0
1300 2 3 0
1300 2 5 0
1300 4 4 0
1300 3 5 0
1300 4 5 0
700 2 4 0
1300 4 3 0
1300 2 5 0
700 4 4 0
700 3 5 0
1300 4 4 0
100 3 3 0
700 2 5 0
1300 2 4 0
1300 2 3 0
700 2 5 0
100 2 4 0
700 2 4 0
100 4 5 0
100 2 3 0
100 2 5 0
700 3 4 0
1300 3 3 0
1300 3 5 0
1300 3 4 0
700 4 5 0
1300 2 5 0
1300 2 4 0
100 2 5 0
700 4 4 0
******* BEST PARAMS *******
{'Num home factors': 3, 'Learning Rate': 1, 'Iterations': 100, 'Num season factors': 3, 'Least Train Error': 10.316237296882077, 'Lambda': 0}
******* BEST PARAMS *******
